t	(Var=A) A	(Var=AB) AB	(Var=ABC) ABC	(Var=AC) AC	(Var=B) B	(Var=BAC) BAC	(Var=BC) BC	(Var=C) C	(Var=CABC) CABC
0.0	1.0	0.0	0.0	0.0	1.0	0.0	0.0	16999.0	0.0
5.714502540501995E-14	0.999999999999352	2.857251270243444E-15	1.1102230228310934E-23	1.942816573718049E-9	0.999999999999352	1.1102230228310934E-23	1.942816573718049E-9	16998.999999996115	4.4788836570440557E-32
5.715073990756045E-10	0.999999993518535	2.8575369198316783E-11	1.1103161158852952E-15	1.9430108371777544E-5	0.999999993518535	1.1103161158852952E-15	1.9430108371777544E-5	16998.999961139783	4.4793632809891006E-20
6.2860099395775994E-9	0.999999928710369	3.143004383095928E-10	8.621917529240308E-14	2.13711751792033E-4	0.999999928710369	8.621917529240308E-14	2.13711751792033E-4	16998.999572576497	2.5971471168861807E-17
3.4350435535920594E-8	0.9999996104318458	1.7175202978796922E-9	2.1724773747076904E-12	0.0011678457510708843	0.9999996104318458	2.1724773747076904E-12	0.0011678457510708843	16998.997664308492	3.3422474903086464E-15
1.0350645120402477E-7	0.9999988261344049	5.175309849838721E-9	1.86552539432114E-11	0.0035190092660180657	0.9999988261344049	1.86552539432114E-11	0.0035190092660180657	16998.99296198143	7.628886093065276E-14
2.3946469139206055E-7	0.9999972842364069	1.1973167663588298E-8	9.804918908837568E-11	0.008141304459644963	0.9999972842364069	9.804918908837568E-11	0.008141304459644963	16998.98371739088	8.530624723430539E-13
4.862601710573395E-7	0.9999944853455947	2.4312734205394232E-8	4.0097135881774293E-10	0.016531807201445533	0.9999944853455947	4.0097135881774293E-10	0.016531807201445533	16998.96693638478	6.7437403498597605E-12
9.214709333057032E-7	0.9999895496772864	4.607256342786073E-8	1.4303531904483082E-9	0.03132793190722113	0.9999895496772864	1.4303531904483082E-9	0.03132793190722113	16998.93734413323	4.434962358115181E-11
1.6790487038945004E-6	0.9999809581705403	8.394917311536418E-8	4.707436721088743E-9	0.05708351188546771	0.9999809581705403	4.707436721088743E-9	0.05708351188546771	16998.885832966283	2.622237420256567E-10
2.9647881468544965E-6	0.9999663771528257	1.482292395828704E-7	1.447689750977955E-8	0.10079441741745007	0.9999663771528257	1.447689750977955E-8	0.10079441741745007	16998.798411133368	1.4140377467016166E-9
4.250527589814493E-6	0.9999517964411114	2.1250548272171057E-7	2.940712672885452E-8	0.14450440135241804	0.9999517964411114	2.940712672885452E-8	0.14450440135241804	16998.710991130523	3.9649410651294995E-9
6.457635699806233E-6	0.9999267678166222	3.2283355627837703E-7	6.654356285229019E-8	0.21953507488699828	0.9999267678166222	6.654356285229019E-8	0.21953507488699828	16998.560929690568	1.3247879503799373E-8
8.664743809797973E-6	0.9999017400938116	4.3315036453451393E-7	1.1753941237724996E-7	0.29456303124321154	0.9999017400938116	1.1753941237724996E-7	0.29456303124321154	16998.410873640525	3.0892329733799854E-8
1.0871851919789712E-5	0.999876713272641	5.43455908470555E-7	1.8155397439531885E-7	0.3695882695084127	0.999876713272641	1.8155397439531885E-7	0.3695882695084127	16998.260822978507	5.960620434942447E-8
1.4669775316242464E-5	0.9998336500030731	7.332399124411553E-7	3.1988377869311115E-7	0.49868301440138113	0.9998336500030731	3.1988377869311115E-7	0.49868301440138113	16998.002633046057	1.4260251233667736E-7
2.1819785878665945E-5	0.9997525858816301	1.0904387995550082E-6	6.661652604684698E-7	0.7416962776702595	0.9997525858816301	6.661652604684698E-7	0.7416962776702595	16997.516605207515	4.52303856233354E-7
2.8969796441089426E-5	0.9996715312197989	1.4475195374563826E-6	1.1066964066630794E-6	0.9846809588327412	0.9996715312197989	1.1066964066630794E-6	0.9846809588327412	16997.030633813098	1.0278057257292823E-6
3.611980700351291E-5	0.9995904860161027	1.8044821612259046E-6	1.623792832972906E-6	1.2276370272712893	0.9995904860161027	1.623792832972906E-6	1.2276370272712893	16996.544718819707	1.9394364223828388E-6
4.326981756593639E-5	0.9995094502690622	2.1613267058811533E-6	2.2033028731180835E-6	1.4705644524196915	0.9995094502690622	2.2033028731180835E-6	1.4705644524196915	16996.05886018982	3.250413559567836E-6
5.0419828128359865E-5	0.9994284239771994	2.518053206356509E-6	2.8337962935048196E-6	1.7134632037230422	0.9994284239771994	2.8337962935048196E-6	1.7134632037230422	16995.573057891364	5.018498043943536E-6
5.7569838690783344E-5	0.9993474071390374	2.874661697514277E-6	3.5059586429151387E-6	1.9563332506307585	0.9993474071390374	3.5059586429151387E-6	1.9563332506307585	16995.087311896845	7.297211790763667E-6
6.471984925320682E-5	0.9992663997530996	3.231152214160463E-6	4.212166977253623E-6	2.1991745625994428	0.9992663997530996	4.212166977253623E-6	2.1991745625994428	16994.601622182345	1.0136684623428501E-5
7.18698598156303E-5	0.9991854018179102	3.587524791056485E-6	4.946177981143873E-6	2.4419871090959986	0.9991854018179102	4.946177981143873E-6	2.4419871090959986	16994.11598872677	1.3584275793847492E-5
7.901987037805378E-5	0.9991044133319934	3.9437794629266435E-6	5.702881765798597E-6	2.6847708595991153	0.9991044133319934	5.702881765798597E-6	2.6847708595991153	16993.63041151128	1.768506524608602E-5
8.616988094047726E-5	0.999023434293874	4.2999162644630964E-6	6.478099341263228E-6	2.927525783599666	0.999023434293874	6.478099341263228E-6	2.927525783599666	16993.14489051887	2.248225833665742E-5
9.331989150290074E-5	0.9989424647020765	4.6559352303296126E-6	7.2684144680536995E-6	3.1702518506007094	0.9989424647020765	7.2684144680536995E-6	3.1702518506007094	16992.659425734048	2.8017522110628684E-5
1.0046990206532421E-4	0.998861504555126	5.0118363951646675E-6	8.071034750994032E-6	3.4129490301174314	0.998861504555126	8.071034750994032E-6	3.4129490301174314	16992.17401714257	3.433126314818509E-5
1.1161057127707816E-4	0.9987353766777309	5.566143144146059E-6	9.340968219905239E-6	3.791045932251733	0.9987353766777309	9.340968219905239E-6	3.791045932251733	16991.41779783513	4.581301560003874E-5
1.227512404888321E-4	0.9986092717211815	6.120164113109363E-6	1.062858749565926E-5	4.169072512760386	0.9986092717211815	1.062858749565926E-5	4.169072512760386	16990.6617148748	5.942523466965064E-5
1.3389190970058604E-4	0.9984831896799016	6.673899432803572E-6	1.1928903190656657E-5	4.547028656497922	0.9984831896799016	1.1928903190656657E-5	4.547028656497922	16989.90576821869	7.530944124805453E-5
1.4503257891233998E-4	0.9983571305483163	7.2273492338786565E-6	1.323841276533595E-5	4.924914248394694	0.9983571305483163	1.323841276533595E-5	4.924914248394694	16989.149957826667	9.360410267605175E-5
1.5617324812409393E-4	0.9982310943208524	7.78051364689346E-6	1.4554591473215954E-5	5.302729173454769	0.9982310943208524	1.4554591473215954E-5	5.302729173454769	16988.394283660866	1.1444565311478168E-4
1.6731391733584787E-4	0.9981050809919377	8.333392802326554E-6	1.587554540767493E-5	5.680473316753621	0.9981050809919377	1.587554540767493E-5	5.680473316753621	16987.638745684973	1.3796918990448064E-4
1.784545865476018E-4	0.9979790905560016	8.88598683058401E-6	1.7199847242148108E-5	6.058146563437977	0.9979790905560016	1.7199847242148108E-5	6.058146563437977	16986.883343863563	1.643088022644866E-4
1.970457076400773E-4	0.9977688935153416	9.807499975086619E-6	1.9414459139918282E-5	6.688234996179608	0.9977688935153416	1.9414459139918282E-5	6.688234996179608	16985.623061392605	2.1489677441468194E-4
2.156368287325528E-4	0.9975587601848714	1.0728220075519145E-5	2.1632313055401754E-5	7.318125145932042	0.9975587601848714	2.1632313055401754E-5	7.318125145932042	16984.363157823762	2.743132656110101E-4
2.342279498250283E-4	0.9973486905387275	1.1648147736621553E-5	2.3851658194147926E-5	7.947816480312168	0.9973486905387275	2.3851658194147926E-5	7.947816480312168	16983.10363300132	3.4317021621231027E-4
2.528190709175038E-4	0.9971386845510568	1.2567283562623879E-5	2.6071439729019065E-5	8.577308467505413	0.9971386845510568	2.6071439729019065E-5	8.577308467505413	16981.844486771533	4.220775769497623E-4
2.714101920099793E-4	0.9969287421960161	1.3485628157260847E-5	2.829096113393193E-5	9.206600576267293	0.9969287421960161	2.829096113393193E-5	9.206600576267293	16980.58571898145	5.116439827528361E-4
2.900013131024548E-4	0.9967188634477725	1.4403182123779608E-5	3.0509790068088662E-5	9.83569227592482	0.9967188634477725	3.0509790068088662E-5	9.83569227592482	16979.327329478314	6.124769396139091E-4
3.247187935580315E-4	0.9963271013295908	1.6114528471312567E-5	3.46506566018866E-5	11.009933965828406	0.9963271013295908	3.465065660188659E-5	11.009933965828406	16976.97839670674	8.330319450573593E-4
3.594362740136082E-4	0.995935560767202	1.7823123709617794E-5	3.878775265222262E-5	12.183471480694932	0.995935560767202	3.878775265222262E-5	12.183471480694932	16974.630781600725	0.0010989331136351751
3.9415375446918494E-4	0.995544241592661	1.9528971753539957E-5	4.2921127054583086E-5	13.356301380822067	0.995544241592661	4.2921127054583086E-5	13.356301380822067	16972.28448317082	0.0014141139573038421
4.2887123492476166E-4	0.9951531436381453	2.1232076512014632E-5	4.705081333510722E-5	14.528420233588903	0.9951531436381453	4.7050813335107216E-5	14.528420233588903	16969.939500430723	0.0017825005844568976
4.635887153803384E-4	0.9947622667359559	2.293244188809923E-5	5.117679508349647E-5	15.699824613499837	0.9947622667359559	5.117679508349647E-5	15.699824613499837	16967.5958323955	0.002208011725646672
5.497137356864849E-4	0.9937935563109013	2.7138803303415862E-5	6.139707368463876E-5	18.60266687429544	0.9937935563109013	6.139707368463876E-5	18.60266687429544	16961.78747260396	0.0035354245066502444
6.358387559926315E-4	0.9928262026708198	3.132838968421949E-5	7.159730082548185E-5	21.50103920946658	0.9928262026708198	7.159730082548183E-5	21.50103920946658	16955.98718250544	0.005297938089648684
7.21963776298778E-4	0.9918602032652796	3.5501260151733005E-5	8.177958693563514E-5	24.394889901352794	0.9918602032652796	8.177958693563512E-5	24.394889901352794	16950.194947103337	0.007554767427483017
8.080887966049246E-4	0.9908955555484782	3.9657473607435784E-5	9.1946199703722E-5	27.2841675128223	0.9908955555484782	9.1946199703722E-5	27.2841675128223	16944.41075142059	0.010364833351547375
8.942138169110712E-4	0.9899322569792331	4.379708873392947E-5	1.0209932212073953E-4	30.16882089132723	0.9899322569792331	1.0209932212073953E-4	30.16882089132723	16938.63458050764	0.013786759026978752
9.803388372172177E-4	0.9889703050209729	4.792016399575514E-5	1.1224100428673083E-4	33.04879917251261	0.9889703050209729	1.1224100428673083E-4	33.04879917251261	16932.866419446294	0.017878866464242665
0.0010664638575233643	0.9880096971417285	5.202675764028688E-5	1.2237329198725046E-4	35.92405178374578	0.9880096971417285	1.2237329198725043E-4	35.92405178374578	16927.106253346064	0.022699172756009172
0.0011525888778295109	0.9870504308141244	5.611692769863933E-5	1.3249827681090123E-4	38.79452844770061	0.9870504308141244	1.3249827681090123E-4	38.79452844770061	16921.354067341006	0.028305386415851022
0.0012387138981356574	0.9860925035153706	6.01907319865431E-5	1.426180539274393E-4	41.660179185956366	0.9860925035153706	1.4261805392743932E-4	41.660179185956366	16915.609846590258	0.03475490388662946
0.0013800496571175166	0.984523388774895	6.68407483249751E-5	1.5921929922414605E-4	46.35227655692859	0.984523388774895	1.5921929922414608E-4	46.35227655692859	16906.20049568252	0.047316385737902956
0.0015213854160993758	0.982957862232103	7.344709908496204E-5	1.7582117074143382E-4	51.031026028332455	0.982957862232103	1.7582117074143385E-4	51.031026028332455	16896.81249045113	0.0625529284462713
0.001662721175081235	0.9813959128175753	8.00100360467844E-5	1.9243271329290714E-4	55.696212107475105	0.9813959128175753	1.9243271329290651E-4	55.696212107475105	16887.445765768713	0.08071257929361139
0.001804056934063094	0.9798375294948376	8.652980946185215E-5	2.0906291106829986E-4	60.347621601165216	0.9798375294948376	2.0906291106829861E-4	60.347621601165216	16878.1002566967	0.10204099158456731
0.0019453926930449532	0.9782827012602643	9.300666806357402E-5	2.2572067199830005E-4	64.9850436572392	0.9782827012602643	2.257206719982996E-4	64.9850436572392	16868.77589848538	0.12678138341012185
0.0020867284520268126	0.9767314171429965	9.94408590768244E-5	2.4241484154812856E-4	69.60826979970719	0.9767314171429965	2.4241484154812907E-4	69.60826979970719	16859.47262657344	0.15517450269101474
0.002228064211008672	0.9751836662048645	1.0583262822722275E-4	2.5915420592252176E-4	74.21709396242326	0.9751836662048645	2.591542059225219E-4	74.21709396242326	16850.190376587227	0.18745859370804352
0.0023693999699905314	0.9736394375403052	1.1218221975105178E-4	2.759474801180128E-4	78.81131252458611	0.9736394375403052	2.759474801180124E-4	78.81131252458611	16840.929084340132	0.22386936184329495
0.0025107357289723907	0.9720987202762791	1.1848987640547246E-4	2.928033051108503E-4	83.39072434667077	0.9720987202762791	2.928033051108502E-4	83.39072434667077	16831.688685832283	0.26463993787375667
0.002741026514814936	0.9695957879502114	1.286782903760196E-4	3.2042416296049653E-4	90.82013097468143	0.9695957879502114	3.2042416296049734E-4	90.82013097468143	16816.677083789116	0.3410067105517695
0.0029713173006574813	0.967102102579635	1.387570468033802E-4	3.482704867618154E-4	98.2088560305476	0.967102102579635	3.4827048676181594E-4	98.2088560305476	16801.7205083006	0.43054155253164517
0.0032016080865000266	0.9646176176808635	1.4872717100598617E-4	3.763784119445227E-4	105.55607313850207	0.9646176176808635	3.763784119445229E-4	105.55607313850207	16786.81868568242	0.5342076456788659
0.003431898872342572	0.9621422869967827	1.5858967823278457E-4	4.0478353122103903E-4	112.86097456128881	0.9621422869967827	4.047835312210394E-4	112.86097456128881	16771.971343552897	0.6529488825274631
0.0036621896581851172	0.9596760644961164	1.683455737706816E-4	4.335208796226286E-4	120.12277151099106	0.9596760644961164	4.335208796226287E-4	120.12277151099106	16757.178210829145	0.7876895573699217
0.0038924804440276625	0.95721890437272	1.7799585305134448E-4	4.626249180064271E-4	127.34069444363587	0.95721890437272	4.626249180064269E-4	127.34069444363587	16742.439017723547	0.939334073491424
0.004122771229870208	0.9547707610449078	1.8754150175676835E-4	4.921295213595951E-4	134.5139933343215	0.9547707610449078	4.921295213595951E-4	134.5139933343215	16727.753495740395	1.1087666697719407
0.004353062015712754	0.9523315891548215	1.9698349592326341E-4	5.220679672907061E-4	141.6419379296668	0.9523315891548215	5.220679672907061E-4	141.6419379296668	16713.121377672644	1.2968511698500507
0.0045833528015552984	0.9499013435678347	2.0632280204407224E-4	5.524729227732094E-4	148.723817978093	0.9499013435678347	5.524729227732093E-4	148.723817978093	16698.542397598878	1.5044307533511567
0.004813643587397843	0.9474799793719878	2.155603771709059E-4	5.833764327959477E-4	155.75894343984376	0.9474799793719878	5.833764327959477E-4	155.75894343984376	16684.016290880496	1.732327747285218
0.005043934373240388	0.9450674518774509	2.2469716901443303E-4	6.148099107017693E-4	162.74664467735207	0.9450674518774509	6.148099107017694E-4	162.74664467735207	16669.542794159064	1.981343437014598
0.005274225159082933	0.9426637166160143	2.3373411604360738E-4	6.468041280359812E-4	169.68627262533317	0.9426637166160143	6.468041280359813E-4	169.68627262533317	16655.12164535386	2.2522578974167478
0.005504515944925478	0.9402687293406059	2.4267214758378375E-4	6.793892049233208E-4	176.5771989401464	0.9402687293406059	6.793892049233208E-4	176.5771989401464	16640.752583659512	2.5458298446982437
0.005734806730768023	0.9378824460248347	2.515121839136754E-4	7.125946019525696E-4	183.41881612868792	0.9378824460248347	7.125946019525695E-4	183.41881612868792	16626.435349543826	2.862796508601833
0.005965097516610568	0.9355048228625568	2.6025513636121614E-4	7.464491125089077E-4	190.2105376573342	0.9355048228625568	7.464491125089077E-4	190.2105376573342	16612.169684745724	3.2038735244964185
0.0061953883024531125	0.9331358162674622	2.689019073983418E-4	7.809808553494347E-4	196.9517980412362	0.9331358162674622	7.809808553494347E-4	196.9517980412362	16597.955332273315	3.5697548450554715
0.006425679088295657	0.9307753828726824	2.7745339073468277E-4	8.162172681995799E-4	203.64205291407387	0.9307753828726824	8.162172681995798E-4	203.64205291407387	16583.79203640209	3.961112671416792
0.006655969874138202	0.9284234795304148	2.859104714101702E-4	8.52185102168993E-4	210.28077907843834	0.9284234795304148	8.52185102168993E-4	210.28077907843834	16569.679542673202	4.378597403660613
0.006886260659980747	0.9260800633115663	2.9427402588657703E-4	8.889104165413382E-4	216.86747453715742	0.9260800633115663	8.889104165413384E-4	216.86747453715742	16555.617597891865	4.8228376102959984
0.007116551445823292	0.9237450915054093	3.025449221380169E-4	9.264185742602E-4	223.40165850594124	0.9237450915054093	9.264185742602001E-4	223.40165850594124	16541.605950125806	5.2944400163834935
0.007346842231665837	0.9214185216192535	3.1072401974041293E-4	9.647342382629398E-4	229.8828714077009	0.9214185216192535	9.647342382629398E-4	229.8828714077009	16527.644348703838	5.793989509945
0.007577133017508382	0.9191003113781291	3.1881216995994593E-4	0.0010038813683517856	236.31067484887737	0.9191003113781291	0.0010038813683517858	236.31067484887737	16513.732544214457	6.322049166328562
0.0078074238033509265	0.9167904187244804	3.2681021584049275E-4	0.0010438832186168523	242.68465157814552	0.9167904187244804	0.0010438832186168523	242.68465157814552	16499.870288504542	6.879160290167669
0.008037714589193471	0.91448880181787	3.347189922900695E-4	0.0010847623356091784	249.00440542789823	0.91448880181787	0.0010847623356091782	249.00440542789823	16486.05733467807	7.465842474533281
0.008268005375036016	0.9121954190346891	3.425393261662931E-4	0.0011265405571412367	255.2695612389407	0.9121954190346891	0.0011265405571412367	255.2695612389407	16472.2934370949	8.082593676853724
0.008498296160878561	0.9099102289678769	3.5027203636087346E-4	0.001169239011602076	261.4797647688315	0.9099102289678769	0.001169239011602076	261.4797647688315	16458.57835136958	8.729890311169292
0.008728586946721106	0.9076331904266426	3.5791793388314814E-4	0.0012128781179055585	267.63468258431715	0.9076331904266426	0.0012128781179055585	267.63468258431715	16444.911834370178	9.40818735627913
0.008958877732563651	0.9053642624361944	3.654778219426705E-4	0.0012574775860749766	273.73400193832117	0.9053642624361944	0.0012574775860749766	273.73400193832117	16431.29364421715	10.1179184793227
0.009189168518406196	0.9031034042374688	3.7295249603086375E-4	0.0013030564183445427	279.77743063196544	0.9031034042374688	0.0013030564183445425	279.77743063196544	16417.723540282197	10.85949617432182
0.00941945930424874	0.9008505752868635	3.8034274400175244E-4	0.0013496329108020648	285.7646968621147	0.9008505752868635	0.0013496329108020645	285.7646968621147	16404.201283187165	11.633311915196604
0.009649750090091285	0.8986057352559697	3.876493461517834E-4	0.0013972246556230915	291.69554905494203	0.8986057352559697	0.0013972246556230917	291.69554905494203	16390.726634802897	12.439736322759963
0.00988004087593383	0.8963688440313039	3.94873075298746E-4	0.001445848543821371	297.5697556860218	0.8963688440313039	0.001445848543821371	297.5697556860218	16377.299358248105	13.279119345187839
0.010110331661776375	0.8941398617140396	4.020146968598043E-4	0.0014955207684784224	303.3871050874647	0.8941398617140395	0.0014955207684784221	303.3871050874647	16363.919217888237	14.15179045145435
0.01034062244761892	0.8919187486197337	4.090749689286507E-4	0.0015462568284956547	309.1474052426155	0.8919187486197336	0.0015462568284956547	309.14740524261543	16350.585979334297	15.058058837213757
0.010570913233461465	0.8897054652780523	4.160546423517922E-4	0.0015980715328426068	314.85048356883885	0.8897054652780522	0.0015980715328426068	314.8504835688388	16337.299409441657	15.998213642606
0.01080120401930401	0.887499972432489	4.2295446080398066E-4	0.001650979005242337	320.4961866889252	0.8874999724324889	0.0016509790052423373	320.49618668892515	16324.059276308835	16.972524181458844
0.011031494805146555	0.8853022310400804	4.2977516086279576E-4	0.0017049926893070119	326.08438019164674	0.8853022310400803	0.0017049926893070125	326.0843801916467	16310.865349276228	17.981240181356863
0.0112617855909891	0.8831122022711133	4.3651747208239296E-4	0.0017601253541281792	331.61494838199945	0.8831122022711132	0.0017601253541281797	331.6149483819994	16297.717398924815	19.02459203404569
0.011612792831962057	0.8797889285828387	4.4664488123989676E-4	0.0018463377936816525	339.93352624019934	0.8797889285828386	0.0018463377936816525	339.9335262401993	16277.76533468584	20.681960082893486
0.011963800072935014	0.8764833471008484	4.565943856212799E-4	0.0019352176426397287	348.11774669388774	0.8764833471008483	0.0019352176426397287	348.11774669388774	16257.91874938872	22.42094339791684
0.012314807313907971	0.8731953231804856	4.6636847672775487E-4	0.0020268012798781627	356.1674422435124	0.8731953231804855	0.0020268012798781623	356.1674422435124	16238.17684726117	24.242107328430066
0.012665814554880929	0.8699247233193904	4.759696100964473E-4	0.002121121628938734	364.0825388464594	0.8699247233193903	0.0021211216289387337	364.0825388464594	16218.538839186487	26.14592044247452
0.013016821795853886	0.8666714151546188	4.8540020586439544E-4	0.002218208222985122	371.86305341604026	0.8666714151546187	0.002218208222985122	371.86305341604026	16199.003942689735	28.13275703467619
0.013367829036826843	0.8634352674596291	4.946626493242702E-4	0.002318087272679888	379.5090912555898	0.863435267459629	0.0023180872726798886	379.5090912555898	16179.57138192306	30.20289969941369
0.0137188362777998	0.8602161501411218	5.037592914713046E-4	0.0024207817393879223	387.0208434301436	0.8602161501411217	0.0024207817393879223	387.0208434301436	16160.240387650121	32.35654196686269
0.014069843518772758	0.8570139342357165	5.126924495405083E-4	0.0025263114108163474	394.39858407286044	0.8570139342357164	0.0025263114108163474	394.39858407286044	16141.010197229445	34.593791004812424
0.014420850759745715	0.853828491906455	5.214644075342824E-4	0.0026346929780869106	401.64266763433704	0.8538284919064549	0.00263469297808691	401.64266763433704	16121.880054596713	36.91467037813437
0.014771858000718672	0.8506596964391315	5.300774167411489E-4	0.002745940117108706	408.75352608966597	0.8506596964391314	0.002745940117108706	408.7535260896659	16102.849210245942	39.319122851052
0.01512286524169163	0.8475074222384444	5.385336962460135E-4	0.0028600635725437	415.7316661150635	0.8475074222384443	0.0028600635725437	415.73166611506343	16083.91692120955	41.8070132203949
0.015473872482664587	0.8443715448239659	5.468354334319512E-4	0.002977071241625415	422.57766624084917	0.8443715448239658	0.002977071241625415	422.5776662408491	16065.082451037277	44.37813117307659
0.01600486558871885	0.8396585744331515	5.591051129931945E-4	0.0031595693568261703	432.6843996759855	0.8396585744331514	0.0031595693568261703	432.6843996759855	16036.774529837987	48.42517583947014
0.016535858694773118	0.8349824232815632	5.710333849861952E-4	0.0033486852694813054	442.4927587262147	0.8349824232815631	0.0033486852694813054	442.4927587262147	16008.686296548727	52.660744317958134
0.017066851800827385	0.830342674834716	5.826274236917799E-4	0.003544411946851808	452.0055928993663	0.8303426748347159	0.0035444119468518082	452.00559289936626	15980.81528593024	57.083219727372885
0.01759784490688165	0.825738918275619	5.938942499090677E-4	0.0037467297818797253	461.22605248754604	0.8257389182756188	0.0037467297818797258	461.226052487546	15953.15906622539	61.69066767378352
0.01852648180655247	0.8177728554039112	6.128324765019864E-4	0.004116299381313744	476.6590816763953	0.8177728554039111	0.004116299381313744	476.65908167639526	15905.301093928903	70.18625506357782
0.019118459368799835	0.8127505658182493	6.244100409651688E-4	0.0043622470100741564	486.04515092041066	0.8127505658182492	0.0043622470100741564	486.0451509204106	15875.126367563646	75.88730305456295
0.0197104369310472	0.8077711033043483	6.356129156360459E-4	0.004616161886833146	495.08596903091563	0.8077711033043482	0.004616161886833146	495.0859690309156	15845.207311396422	81.80575911279358
0.020302414493294563	0.8028339367087566	6.464498520779163E-4	0.004877945560673102	503.7875078330554	0.8028339367087565	0.004877945560673102	503.7875078330553	15815.540779252085	87.93722459914765
0.020894392055541926	0.7979385432780934	6.569293957614314E-4	0.005147486692641998	512.1560060913471	0.7979385432780933	0.005147486692641999	512.156006091347	15786.123674275017	94.27700928825766
0.02148636961778929	0.7930844085669602	6.670598913768967E-4	0.005424662208016426	520.1979360458564	0.79308440856696	0.0054246622080164255	520.1979360458563	15756.952948408842	100.82016509132067
0.022078347180036654	0.7882710263409602	6.768494879405545E-4	0.005709338407138557	527.9199715239134	0.7882710263409601	0.005709338407138556	527.9199715239133	15728.025601845377	107.5615182187974
0.022670324742284018	0.7834978984764923	6.863061437546326E-4	0.006001372043558754	535.3289575057676	0.7834978984764922	0.006001372043558755	535.3289575057674	15699.338682453194	114.49569989939785
0.02326230230453138	0.7787645348583715	6.954376312575816E-4	0.006300611368308632	542.4318811211518	0.7787645348583714	0.006300611368308632	542.4318811211517	15670.88928519239	121.61717567509115
0.023854279866778745	0.7740704532751461	7.04251541753722E-4	0.006606897124721232	549.2358441676203	0.774070453275146	0.00660689712472123	549.2358441676201	15642.674551514623	128.92027318174942
0.02444625742902611	0.7694151793117899	7.127552900035986E-4	0.006920063498382843	555.7480372370642	0.7694151793117898	0.006920063498382843	555.7480372370642	15614.69166874645	136.39920833001764
0.025038234991273473	0.7647982462399943	7.209561186767747E-4	0.007239939024296508	561.9757154602618	0.7647982462399942	0.007239939024296508	561.9757154602618	15586.937869457273	144.04810987588226
0.025630212553520836	0.7602191949065947	7.288611026812717E-4	0.007566347442364867	567.9261758339599	0.7602191949065946	0.007566347442364867	567.9261758339599	15559.410430815213	151.86104241479694
0.0262221901157682	0.7556775736205307	7.364771533786862E-4	0.007899108504484267	573.606736100951	0.7556775736205306	0.007899108504484267	573.606736100951	15532.106673933356	159.83202782767154
0.026814167678015564	0.7511729380385125	7.43811022685444E-4	0.008238038737732371	579.0247151675202	0.7511729380385124	0.008238038737732371	579.0247151675202	15505.023963207464	167.95506519381482
0.027406145240262927	0.746704851049543	7.508693070595648E-4	0.008582952157319171	584.1874150357139	0.7467048510495429	0.008582952157319171	584.1874150357139	15478.15970564597	176.2241491929489
0.02799812280251029	0.7422728826585334	7.576584513760656E-4	0.008933660930257393	589.1021042094524	0.7422728826585333	0.008933660930257393	589.1021042094524	15451.511350193765	184.63328703654005
0.028590100364757655	0.7378766098693009	7.641847526961487E-4	0.00928997599602525	593.7760025218851	0.7378766098693008	0.00928997599602525	593.7760025218851	15425.076387051535	193.17651398015735
0.02918207792700502	0.7335156165671918	7.704543639341722E-4	0.00965170764116949	598.2162673297172	0.7335156165671917	0.00965170764116949	598.2162673297172	15398.852346992127	201.84790747038411
0.029774055489252382	0.7291894934015276	7.764732974248053E-4	0.010018666027279745	602.4299810205654	0.7291894934015275	0.010018666027279745	602.4299810205654	15372.836800675172	210.64159997962759
0.030366033051499746	0.7248978376680592	7.822474283925783E-4	0.010390661679027061	606.424139776653	0.724897837668059	0.01039066167902706	606.424139776653	15347.027357961064	219.5517905849421
0.03095801061374711	0.7206402531916175	7.877824983266564E-4	0.010767505930005423	610.2056435295024	0.7206402531916174	0.010767505930005423	610.2056435295024	15321.421667225492	228.5727553556275
0.03154998817599447	0.7164163502091502	7.930841182640693E-4	0.011149011335530966	613.7812870644458	0.7164163502091501	0.011149011335530968	613.7812870644458	15296.01741467566	237.69885659019423
0.03214196573824184	0.712225745253317	7.981577719840174E-4	0.011534992029453005	617.1577521733714	0.7122257452533169	0.011534992029453005	617.1577521733714	15270.812323669237	246.92455100378558
0.032733943300489204	0.7080680610367933	8.030088191158493E-4	0.011925264062568539	620.3416008166848	0.7080680610367932	0.011925264062568537	620.3416008166848	15245.80415403701	256.2443969045524
0.03332592086273657	0.7039429263374187	8.076424981631438E-4	0.012319645713198763	623.3392692376885	0.7039429263374186	0.012319645713198763	623.3392692376885	15220.99070141006	265.65306041537275
0.03391789842498394	0.6998499758843252	8.12063929446316E-4	0.012717957740523231	626.1570629611266	0.6998499758843251	0.012717957740523233	626.1570629611266	15196.369796552244	275.1453208088161
0.034509875987231306	0.6957888502451672	8.162781179661592E-4	0.013120023618696307	628.8011526103636	0.6957888502451671	0.013120023618696306	628.8011526103636	15171.939304698783	284.7160750204316
0.03510185354947867	0.6917591957145626	8.202899561906595E-4	0.013525669761984686	631.2775704856655	0.6917591957145625	0.013525669761984686	631.2775704856654	15147.697124901679	294.36034139753866
0.03569383111172604	0.68776066420384	8.241042267673173E-4	0.013934725696794931	633.592207849777	0.6877606642038399	0.013934725696794934	633.5922078497769	15123.641189382433	304.07326273711567
0.03628580867397341	0.6837929131321808	8.277256051631209E-4	0.0143470242062691	635.7508128665686	0.6837929131321807	0.0143470242062691	635.7508128665685	15099.769462892673	313.85010866669546
0.036877786236220775	0.6798556053192335	8.311586622342775E-4	0.014762401483541996	637.758989138674	0.6798556053192334	0.014762401483541993	637.7589891386739	15076.079942083239	323.68627742202926
0.03746976379846814	0.6759484088792694	8.344078667277527E-4	0.015180697242757488	639.622194792688	0.6759484088792693	0.01518069724275749	639.6221947926879	15052.570654882074	333.5772970728381
0.03806174136071551	0.6720709971169399	8.374775877165997E-4	0.015601754787757516	641.345742064055	0.6720709971169397	0.015601754787757516	641.3457420640549	15029.239659881252	343.5188262443372
0.038653718922962876	0.6682230484246854	8.403720969709995E-4	0.01602542110314602	642.9347973365577	0.6682230484246853	0.016025421103146014	642.9347973365576	15006.085045733624	353.5066543793332
0.039245696485210244	0.6644042461818401	8.430955712668777E-4	0.01645154692544239	644.3943815933459	0.66440424618184	0.01645154692544239	644.3943815933458	14983.104930559257	363.5367015839068
0.03983767404745761	0.6606142786554673	8.45652094633898E-4	0.01687998675114453	645.7293712385389	0.6606142786554672	0.016879986751144535	645.7293712385388	14960.297461361803	373.605018097616
0.04042965160970498	0.6568528389029549	8.480456605445844E-4	0.017310598868521626	646.9444992509411	0.6568528389029548	0.017310598868521623	646.944499250941	14937.660813455162	383.7077834264162
0.041021629171952345	0.6531196246763944	8.502801740462803E-4	0.017743245407950185	648.0443566340202	0.6531196246763943	0.017743245407950185	648.0443566340201	14915.193189900589	393.84130517408494
0.04161360673419971	0.649414338328759	8.523594538375876E-4	0.018177792310060104	649.0333941287053	0.6494143383287589	0.01817779231006011	649.0333941287051	14892.892820954106	404.00201760573924
0.04220558429644708	0.6457366867218921	8.542872342908757E-4	0.01861410929374062	649.9159241577698	0.645736686721892	0.018614109293740615	649.9159241577697	14870.75796352453	414.18647997447954
0.04279756185869445	0.6420863811363119	8.560671674224155E-4	0.01905206989710226	650.6961229727098	0.6420863811363118	0.01905206989710225	650.6961229727096	14848.786900642239	424.39137464008195
0.043389539420941814	0.6384631371828348	8.577028248116473E-4	0.01949155143727382	651.3780329761595	0.6384631371828347	0.019491551437273824	651.3780329761594	14826.977940938437	434.61350500699285
0.04428247079964617	0.6330484592079471	8.599047935335407E-4	0.02015707484667643	652.2292901510398	0.633048459207947	0.020157074846676438	652.2292901510397	14794.384574041153	450.0582657573455
0.04517540217835053	0.6276937727062206	8.617980896553822E-4	0.02082539632293565	652.878656053205	0.6276937727062205	0.020825396322935643	652.8786560532048	14762.150631027405	465.52520304057765
0.04606833355705489	0.6223981549348604	8.6339398903547E-4	0.021496142087309496	653.3383563892934	0.6223981549348603	0.021496142087309503	653.3383563892933	14730.270622166508	481.00483638917336
0.04696126493575925	0.6171607034144938	8.647033972333287E-4	0.022168956515701263	653.6199938197133	0.6171607034144937	0.02216895651570127	653.619993819713	14698.739177563295	496.4882484459317
0.04785419631446361	0.6119805353287944	8.657368621900438E-4	0.022843501711307408	653.734570985231	0.6119805353287943	0.02284350171130739	653.7345709852308	14667.551043618074	511.96706370782823
0.04874712769316797	0.6068567869416938	8.665045865001133E-4	0.02351945715608752	653.6925137045234	0.6068567869416936	0.02351945715608752	653.6925137045232	14636.701079590212	527.4334270470224
0.05009433465343335	0.5992312604970366	8.671817190061152E-4	0.024541303107410612	653.3543264831737	0.5992312604970365	0.024541303107410633	653.3543264831736	14590.785199596956	550.7285324190485
0.05144154161369874	0.5917294175202743	8.673088469540204E-4	0.025564695996442274	652.7135801747942	0.5917294175202742	0.025564695996442288	652.7135801747941	14545.610849872885	573.955430196575
0.05278874857396412	0.5843485211222647	8.669169040301584E-4	0.02658873952178459	651.7993539142334	0.5843485211222644	0.026588739521784616	651.7993539142333	14501.161732977958	597.0931908610728
0.05413595553422951	0.5770859196391369	8.660353189438038E-4	0.027612611465434707	650.638336286282	0.5770859196391367	0.027612611465434707	650.6383362862819	14457.422055795796	620.1230232081616
0.05548316249449489	0.5699390430081966	8.646920904110228E-4	0.02863555915689533	649.2549956339955	0.5699390430081964	0.028635559156895328	649.2549956339952	14414.37650815134	643.0281147349855
0.05683036945476028	0.5629053993075605	8.629138586970962E-4	0.029656894858656344	647.6717428763174	0.5629053993075602	0.029656894858656354	647.6717428763171	14372.010242393655	665.7934790358042
0.05817757641502566	0.5559825714661925	8.607259735547514E-4	0.03067599135195894	645.909086442872	0.5559825714661922	0.030675991351958937	645.9090864428717	14330.308853983617	688.4058105777757
0.059524783375291046	0.5491682141586358	8.581525582308518E-4	0.03169227771284973	643.9857789958473	0.5491682141586356	0.031692277712849715	643.9857789958471	14289.258363170544	710.8533471449754
0.06087199033555643	0.5424600508753272	8.552165697649657E-4	0.03270523519707521	641.9189555383807	0.542460050875327	0.032705235197075216	641.9189555383805	14248.84519770412	733.1257403781694
0.062219197295821815	0.5358558711467631	8.519398560832965E-4	0.033714393366027585	639.7242627109432	0.5358558711467629	0.03371439336602758	639.724262710943	14209.056176454005	755.2139346724954
0.0635664042560872	0.5293535279070138	8.483432102046977E-4	0.03471932645412791	637.415979395713	0.5293535279070136	0.034719326454127904	637.4159793957127	14169.878493851715	777.1100543557835
0.06491361121635258	0.5229509349919818	8.444464216383101E-4	0.035719649900475915	635.0071289282278	0.5229509349919815	0.03571964990047592	635.0071289282275	14131.299705127361	798.8072988619984
0.06626081817661797	0.5166460647687592	8.402683250343522E-4	0.036715017113741116	632.5095832387071	0.5166460647687591	0.03671501711374111	632.5095832387069	14093.307712319833	820.2998455880708
0.06760802513688335	0.5104369458882726	8.358268462501982E-4	0.03770511647604582	629.9341592441125	0.5104369458882725	0.037705116476045804	629.9341592441123	14055.890751014305	841.5827601360669
0.06895523209714874	0.5043216611516255	8.311390460336022E-4	0.0386896685112167	627.2907078557082	0.5043216611516254	0.0386896685112167	627.290707855708	14019.037377750476	862.6519136043506
0.07030243905741412	0.49829834548235624	8.262211614798527E-4	0.03966842326018222	624.588196021592	0.49829834548235613	0.03966842326018222	624.5881960215918	13982.736458055617	883.5039065311477
0.07164964601767951	0.49236518399892576	8.210886453708773E-4	0.040641157879457095	621.8347822438573	0.49236518399892565	0.04064115787945709	621.834782243857	13946.977155068922	904.1359990676102
0.07299685297794489	0.486520410182154	8.157562034977195E-4	0.041607674381889725	619.0378859979644	0.48652041018215386	0.041607674381889725	619.0378859979642	13911.748918725802	924.5460469685613
0.07434405993821028	0.4807623041318539	8.102378300812731E-4	0.042567797543471494	616.2042514648014	0.4807623041318538	0.042567797543471494	616.2042514648011	13877.041475468195	944.7324430073652
0.07569126689847566	0.4750891909069134	8.045468414071611E-4	0.04352137301332182	613.340005976237	0.47508919090691326	0.04352137301332181	613.3400059762367	13842.8448184471	964.6940634310082
0.07703847385874105	0.4694994389437413	7.986959077752122E-4	0.04446826554800037	610.4507135555441	0.4694994389437412	0.04446826554800037	610.4507135555439	13809.149198187082	984.4302190891759
0.07838568081900643	0.46399145854838414	7.926970838600382E-4	0.04540835732608808	607.5414239767483	0.46399145854838403	0.04540835732608809	607.5414239767481	13775.945113685066	1003.9406108272013
0.07973288777927182	0.45856370045845163	7.865618375534684E-4	0.04634154652537339	604.6167176096083	0.4585637004584515	0.04634154652537339	604.616717609608	13743.223303920897	1023.225288887227
0.0810800947395372	0.45321465447056497	7.803010773793297E-4	0.04726774594712085	601.6807464308324	0.45321465447056486	0.04726774594712083	601.6807464308321	13710.974739753976	1042.2846159500423
0.08242730169980259	0.44794284812940605	7.739251785617927E-4	0.04818688165304464	598.7372715269769	0.44794284812940593	0.04818688165304465	598.7372715269765	13679.19061618279	1061.1192335037852
0.08377450866006797	0.4427468454748805	7.674440078177545E-4	0.04909889188459414	595.789697362554	0.4427468454748804	0.049098891884594126	595.7896973625536	13647.8623449473	1079.7300312757225
0.08512171562033335	0.4376252458441813	7.608669469387486E-4	0.05000372605671468	592.84110307009	0.43762524584418117	0.050003726056714666	592.8411030700896	13616.981547454787	1098.118119480271
0.08646892258059874	0.43257668272568295	7.542029152264285E-4	0.05090134362895118	589.8942710154811	0.4325766827256829	0.050901343628951205	589.8942710154806	13586.540048010706	1116.2848036393484
0.08781612954086412	0.4275998226617571	7.474603908433607E-4	0.05179171325814703	586.9517128774389	0.42759982266175706	0.05179171325814703	586.9517128774385	13556.529867338157	1134.2315617440358
0.08916333650112951	0.4226933641978072	7.406474311366834E-4	0.052674812140387786	584.0156934550749	0.4226933641978071	0.05267481214038776	584.0156934550745	13526.943216369906	1151.960023551643
0.0905105434613949	0.4178560368750311	7.337716919877355E-4	0.05355062505980384	581.0882523957707	0.41785603687503103	0.053550625059803875	581.0882523957703	13497.77249029728	1169.4719518343406
0.09185775042166028	0.4130866002645858	7.268404462376007E-4	0.054419143637875186	578.1712240211507	0.41308660026458577	0.0544191436378752	578.1712240211502	13469.01026286323	1186.7692254074084
0.09320495738192566	0.40838384304096575	7.198606012363789E-4	0.05528036603018483	575.2662554173799	0.4083838430409657	0.05528036603018476	575.2662554173794	13440.649280887159	1203.8538237768225
0.09455216434219105	0.40374658209254055	7.128387155614169E-4	0.05613429617221238	572.3748229427357	0.4037465820925405	0.05613429617221241	572.3748229427352	13412.682459007628	1220.7278132610898
0.09589937130245643	0.39917366166733226	7.057810149468136E-4	0.05698094292309194	569.4982472911577	0.39917366166733215	0.056980942923092026	569.4982472911572	13385.102874632326	1237.3933344535683
0.09724657826272182	0.3946639525522409	6.986934074643E-4	0.05782032009806185	566.6377072378003	0.3946639525522408	0.057820320098061755	566.6377072377999	13357.90376308673	1253.8525909025493
0.0985937852229872	0.3902163512840409	6.915814979934253E-4	0.05865244609642621	563.7942521821229	0.3902163512840408	0.058652446096426177	563.7942521821225	13331.07851294901	1270.1078389010877
0.09994099218325259	0.3858297793905685	6.844506020164404E-4	0.059477342673788874	560.9688135946224	0.3858297793905684	0.059477342673789076	560.9688135946219	13304.620661560983	1286.161378286025
0.10128819914351797	0.3815031826606203	6.773057587717065E-4	0.06029503510740554	558.1622154641072	0.38150318266062017	0.060295035107405436	558.1622154641068	13278.523890710865	1302.0155441491654
0.10263540610378336	0.3772355304411742	6.701517437981229E-4	0.061105552685857926	555.3751838336317	0.3772355304411741	0.06110555268585767	555.3751838336312	13252.78202247757	1317.6726993787097
0.10398261306404874	0.3730258149606263	6.629930809003213E-4	0.061908926935346505	552.6083555053237	0.3730258149606262	0.061908926935346865	552.6083555053233	13227.389015223654	1333.135227959726
0.10532982002431412	0.3688730506768139	6.558340535626655E-4	0.0627051911750615	549.8622859873503	0.3688730506768138	0.06270519117506163	549.8622859873499	13202.338959736862	1348.405528956856
0.10667702698457951	0.3647762736486743	6.486787158401757E-4	0.0634943826647417	547.1374567498585	0.3647762736486742	0.06349438266474097	547.1374567498581	13177.626075516051	1363.486011113264
0.1080242339448449	0.3607345409304719	6.415309027509784E-4	0.06427654042880077	544.4342818474812	0.3607345409304718	0.06427654042880072	544.4342818474807	13153.24470718137	1378.3790880252175
0.10937144090511028	0.35674692998745144	6.343942401974542E-4	0.0650517039560165	541.7531139800212	0.35674692998745133	0.06505170395601714	541.7531139800208	13129.189321012394	1393.087173813638
0.11071864786537566	0.35281253813215124	6.272721544327921E-4	0.06581991553686481	539.0942500138905	0.35281253813215113	0.06581991553686393	539.09425001389	13105.454501615202	1407.6126792667842
0.11206585482564105	0.3489304819803484	6.201678810997203E-4	0.06658122009966946	536.4579360263375	0.34893048198034826	0.06658122009966887	536.457936026337	13082.034948700102	1421.9580084073243
0.11341306178590643	0.3450998969257317	6.130844738615517E-4	0.06733566122484094	533.8443719202062	0.34509989692573156	0.06733566122484291	533.8443719202057	13058.925473962052	1436.125555441356
0.11476026874617182	0.34131993663252747	6.060248126439334E-4	0.06808328387013209	531.2537156419402	0.34131993663252735	0.06808328387013168	531.2537156419397	13036.120998080254	1450.1177020378752
0.1161074757064372	0.3375897725453473	5.98991611507554E-4	0.06882413841053284	528.6860870330329	0.33758977254534717	0.06882413841052973	528.6860870330324	13013.61654782189	1463.936814921425
0.11745468266670259	0.3339085934155243	5.919874261659921E-4	0.06955827135350151	526.1415713458507	0.3339085934155242	0.06955827135350164	526.1415713458503	12991.407253216343	1477.5852437784379
0.11880188962696797	0.33027560484313523	5.850146611682956E-4	0.07028572909198348	523.6202224656678	0.3302756048431351	0.07028572909198443	523.6202224656673	12969.488344847958	1491.0653193850744
0.12014909658723336	0.3266900288342309	5.780755767614514E-4	0.07100656598385888	521.1220658483116	0.32669002883423076	0.07100656598385445	521.1220658483112	12947.855151247106	1504.3793519659646
0.12149630354749874	0.3231511033725513	5.711722954478721E-4	0.07172083226254565	518.6471012059463	0.3231511033725512	0.0717208322625457	518.6471012059459	12926.503096326302	1517.5296298024534
0.12284351050776413	0.3196580820050939	5.643068082475199E-4	0.07242856945602949	516.1953049658157	0.31965808200509377	0.07242856945603715	516.1953049658152	12905.427696912982	1530.5184180120502
0.12419071746802951	0.3162102334410471	5.574809806872939E-4	0.0731298346214908	513.76663251871	0.316210233441047	0.07312983462148523	513.7666325187096	12884.624560418773	1543.3479574410949
0.1251607065242717	0.3137553505330197	5.525919265185082E-4	0.07363077354097682	512.0322715326326	0.31375535053301956	0.07363077354097478	512.0322715326322	12869.812466769201	1552.4878643130392
0.12613069558051387	0.3113232506657798	5.477249539768779E-4	0.07412840016711923	510.3098360112573	0.3113232506657797	0.07412840016712091	510.30983601125683	12855.137702175762	1561.5471845045086
0.12710068463675606	0.3089136748378994	5.428806480330364E-4	0.07462273577859097	508.5992923832493	0.3089136748378993	0.07462273577859066	508.59929238324884	12840.598710460465	1570.526729654554
0.12781388361092666	0.30715621850025837	5.39333584127178E-4	0.07498411710932373	507.34915421607604	0.30715621850025826	0.07498411710932379	507.3491542160756	12829.994421046338	1577.0786511474596
0.12852708258509726	0.3054107007025789	5.357992869259574E-4	0.07534373744327641	506.10540860387937	0.3054107007025788	0.07534373744327659	506.1054086038789	12819.462100573537	1583.5881973757223
0.12924028155926787	0.3036770222968872	5.322779600217895E-4	0.0757016052772926	504.86803836266824	0.3036770222968871	0.07570160527729247	504.8680383626678	12809.001153201962	1590.0556834348868
0.12995348053343847	0.30195508517708375	5.287697992904238E-4	0.07605772852673828	503.6370253600636	0.30195508517708364	0.07605772852673828	503.63702536006315	12798.610989318193	1596.4814222561258
0.13066667950760907	0.30024479226510115	5.252749930824249E-4	0.07641211446290216	502.41235057086675	0.30024479226510103	0.07641211446290225	502.41235057086635	12788.291025453162	1602.8657245919023
0.13206917437601826	0.2969151213939012	5.184421538954039E-4	0.07710397214641602	500.02245618090274	0.2969151213939011	0.07710397214641626	500.0224561809024	12768.199510741719	1615.300684479905
0.13347166924442744	0.2936293895027427	5.116629480917671E-4	0.07778920090488539	497.656834883919	0.29362938950274253	0.07778920090488525	497.65683488391863	12748.37291252818	1627.5789196548992
0.13487416411283662	0.2903868919031954	5.04938570221698E-4	0.07846785958583093	495.3153163621601	0.2903868919031952	0.07846785958583066	495.31531636215976	12728.80699439035	1639.702718586892
0.1362766589812458	0.28718693813483037	4.982701177193717E-4	0.07914000699504987	492.9977210182605	0.2871869381348302	0.07914000699504985	492.9977210182601	12709.49760500414	1651.674336476487
0.13767915384965498	0.2840288515822526	4.916585959238847E-4	0.0798057015474405	490.703861193328	0.28402885158225244	0.07980570154744052	490.7038611933276	12690.44067586683	1663.4959951755227
0.13908164871806417	0.2809119691311264	4.851049225047737E-4	0.08046500165547456	488.4335421751782	0.28091196913112626	0.08046500165547453	488.4335421751778	12671.632219253026	1675.1698832004663
0.14048414358647335	0.27783564084089546	4.786099316040182E-4	0.08111796560054181	486.1865630921678	0.2778356408408953	0.08111796560054181	486.1865630921673	12653.068326268427	1686.6981558118307
0.14188663845488253	0.27479922962198655	4.721743778666121E-4	0.08176465136281964	483.96271774727563	0.2747992296219864	0.08176465136281964	483.9627177472752	12634.745164929831	1698.0829351402583
0.1432891333232917	0.2718021109178249	4.6579894035811024E-4	0.08240511669606558	481.7617953959034	0.27180211091782475	0.08240511669606555	481.76179539590294	12616.658978273927	1709.32631035425
0.14539300609279732	0.26737849836756816	4.5634923090512075E-4	0.08335433554248532	478.50272184477046	0.267378498367568	0.08335433554248532	478.50272184477	12589.96434721975	1725.931750213625
0.14749687886230292	0.2630399127310253	4.470379166438837E-4	0.08428987882904329	475.29401074764513	0.2630399127310251	0.08428987882904332	475.2940107476447	12563.782566380272	1742.2304161872028
0.14960075163180853	0.2587843953875157	4.3786644075368325E-4	0.08521193772328971	472.1349125811648	0.2587843953875155	0.0852119377232897	472.1349125811644	12538.101849737408	1758.228950616221
0.15170462440131413	0.2546100437634113	4.288359510330488E-4	0.08612070168085544	469.02466984551535	0.2546100437634111	0.08612070168085541	469.0246698455149	12512.910747014119	1773.9338359495575
0.15380849717081974	0.2505150092512022	4.199473231322086E-4	0.08701635829231988	465.96252040316034	0.250515009251202	0.0870163582923199	465.9625204031599	12488.198131282337	1789.3513976011918
0.15591236994032534	0.2464974954352219	4.1120117965636285E-4	0.08789909321099654	462.94769988950355	0.24649749543522176	0.08789909321099655	462.9476998895031	12463.95318839293	1804.4878068246335
0.15801624270983095	0.24255575637301868	4.025979082814798E-4	0.08876909010697225	459.9794438687808	0.24255575637301854	0.08876909010697223	459.9794438687803	12440.165406734875	1819.3490836774877
0.16012011547933655	0.23868809481834868	3.9413768025711124E-4	0.0896265305597368	457.0569899852447	0.23868809481834855	0.08962653055973682	457.0569899852442	12416.82456664509	1833.9411001654648
0.16411291739067096	0.23154575310189268	3.7847466390723123E-4	0.09121992213818395	451.63389805304456	0.23154575310189254	0.09121992213818397	451.63389805304405	12373.721233993798	1860.9142650317322
0.16810571930200538	0.22465347517680698	3.633246774384979E-4	0.09276993820742795	446.36792212924394	0.22465347517680684	0.09276993820742795	446.3679221292434	12332.126823738352	1886.9758960671866
0.17086882105686543	0.22002485132201183	3.531389297027438E-4	0.09381780637696203	442.81309889657194	0.2200248513220117	0.09381780637696203	442.81309889657143	12304.193350311436	1904.496408145147
0.1736319228117255	0.21550778085539377	3.431952089627219E-4	0.09484584842586888	439.3294761556385	0.21550778085539363	0.09484584842586888	439.32947615563796	12276.933085073922	1921.6091354627886
0.17639502456658554	0.21109911461730035	3.3349135702719876E-4	0.09585443949456464	435.91544939946294	0.21109911461730022	0.09585443949456464	435.91544939946243	12250.32705109321	1938.3251706182514
0.1791581263214456	0.20679581189632953	3.240249089282204E-4	0.0968439483050711	432.5694462468275	0.2067958118963294	0.0968439483050711	432.569446246827	12224.356922667152	1954.6552484751053
0.18192122807630565	0.20259493579093282	3.1479313019775227E-4	0.09781473694884432	429.2899278413326	0.2025949357909327	0.09781473694884432	429.2899278413321	12199.00499761503	1970.6097586180178
0.1846843298311657	0.19849364899305566	3.0579304782136796E-4	0.09876716069793055	426.0753890133362	0.19849364899305555	0.09876716069793055	426.07538901333567	12174.254172072064	1986.198757793748
0.18744743158602575	0.19448920972887448	2.9702147937073084E-4	0.09970156857211342	422.92435850670535	0.19448920972887437	0.09970156857211342	422.92435850670483	12150.087916220538	2001.4319818182666
0.1902105333408858	0.19057896778363148	2.884750615273307E-4	0.10061830323087081	419.8353995342888	0.1905789677836314	0.1006183032308708	419.8353995342883	12126.490250522349	2016.31885690512
0.19297363509574586	0.1867603607018045	2.8015027643627546E-4	0.1015177005621791	416.80711012260974	0.1867603607018044	0.1015177005621791	416.80711012260923	12103.445722993762	2030.868510683761
0.1957367368506059	0.18303091022497286	2.720434748605946E-4	0.1024000903997848	413.83812295218115	0.18303091022497278	0.10240009039978483	413.83812295218064	12080.939387894623	2045.0897830139222
0.19849983860546597	0.1793882189349657	2.6415089672924327E-4	0.10326579665345292	410.9271049180042	0.17938821893496562	0.10326579665345291	410.92710491800364	12058.956785636912	2058.9912364707
0.20126294036032602	0.17582996704606135	2.5646869004656826E-4	0.10411513654433913	408.0727566901807	0.1758299670460613	0.1041151365443391	408.07275669018014	12037.483923579275	2072.5811663874524
0.20402604211518607	0.17235390932902978	2.4899292843779937E-4	0.1049484213989671	405.2738122897934	0.17235390932902972	0.10494842139896714	405.27381228979283	12016.507257610401	2085.8676104874226
0.20678914387004613	0.16895787217868533	2.417196271145981E-4	0.1057659572533862	402.5290385615148	0.16895787217868527	0.1057659572533862	402.52903856151426	11996.013674586779	2098.858358191658
0.21106710855628266	0.16385293084424063	2.3084873178840838E-4	0.10700133417690327	398.38351831624743	0.16385293084424057	0.10700133417690325	398.3835183162468	11965.207998721928	2118.4054809924264
0.2153450732425192	0.1589272761648075	2.2043839474030516E-4	0.1082007610827041	394.3606693674938	0.15892727616480745	0.10820076108270404	394.3606693674932	11935.484714161832	2137.2887727943225
0.21962303792875573	0.15417376462688365	2.1047345349763468E-4	0.10936529161803585	390.4563566695206	0.1541737646268836	0.1093652916180356	390.4563566695199	11906.800712452032	2155.533921816661
0.22390100261499227	0.14958559020217158	2.0093875346711404E-4	0.11049594635379112	386.66661261744963	0.14958559020217152	0.11049594635379101	386.6666126174489	11879.114917503126	2173.1654326884486
0.2281789673012288	0.14515626528665132	1.9181921950955696E-4	0.11159371762261441	382.9876301433386	0.14515626528665126	0.1115937176226146	382.9876301433378	11852.388171243869	2190.206690520919
0.23245693198746534	0.14087960269364166	1.8309991902873567E-4	0.11265956977534727	379.41575600288184	0.1408796026936416	0.11265956977534715	379.41575600288104	11826.583125561276	2206.6800216505194
0.23673489667370187	0.1367496987533981	1.7476611599855492E-4	0.1136944341033761	375.9474840896271	0.13674969875339804	0.11369443410337592	375.94748408962624	11801.664140839208	2222.60675106048
0.2410128613599384	0.13276091763960618	1.6680331481818282E-4	0.1146992165360243	372.5794487252227	0.13276091763960615	0.11469921653602436	372.5794487252218	11777.59719184979	2238.0072561371608
0.24529082604617494	0.12890787681329077	1.591972956843391E-4	0.11567479836123037	369.3084181486971	0.12890787681329074	0.11567479836123017	369.3084181486962	11754.34978030903	2252.9010169022417
0.24956879073241148	0.12518543341722332	1.519341433138951E-4	0.11662203046347824	366.13128827288773	0.1251854334172233	0.11662203046347801	366.13128827288676	11731.89085310345	2267.306663148739
0.253846755418648	0.12158867148871988	1.4500027057207115E-4	0.11754173937910764	363.04507672439286	0.12158867148871985	0.11754173937910806	363.0450767243919	11710.190725438155	2281.242018820966
0.2581247201048845	0.11811288996129748	1.3838243731463003E-4	0.11843473301827516	360.0469171185866	0.11811288996129746	0.11843473301827517	360.0469171185856	11689.221008706014	2294.724143799204
0.26240268479112105	0.11475359143978324	1.3206776456091133E-4	0.11930178859802928	357.1340535528836	0.11475359143978321	0.11930178859802859	357.1340535528826	11668.954542950996	2307.7693731868353
0.2666806494773576	0.11150647169307353	1.2604374461259343E-4	0.12014365625159962	354.30383535070246	0.1115064716930735	0.12014365625160016	354.30383535070143	11649.365333660235	2320.3933541667443
0.2709586141635941	0.1083674097909288	1.2029824795762327E-4	0.12096107829244773	351.55371207898577	0.10836740979092876	0.12096107829244841	351.55371207898474	11630.428492446505	2332.611080623286
0.27399772848100035	0.10620086198063391	1.1637933550487402E-4	0.12152732417698027	349.64730382292163	0.10620086198063387	0.12152732417698024	349.6473038229206	11617.35876658341	2341.0517855650123
0.27703684279840657	0.10408548981314764	1.1259095888333343E-4	0.12208183790282982	347.7792252839661	0.1040854898131476	0.12208183790282982	347.77922528396505	11604.597990338469	2349.2996977127113
0.2800759571158128	0.10201996987301101	1.0892912192934582E-4	0.12262486513587777	345.9486468092222	0.10201996987301097	0.1226248651358778	345.94864680922115	11592.138170342012	2357.359643158451
0.283115071433219	0.1000030178873672	1.0538992621191888E-4	0.1231566444055277	344.1547603879589	0.10000301788736715	0.12315664440552769	344.1547603879578	11579.97154952095	2365.236308210976
0.28615418575062523	0.09803338736288077	1.0196957050444219E-4	0.12367740885106031	342.3967789353096	0.09803338736288073	0.12367740885106032	342.39677893530853	11568.090598890427	2372.9342442144402
0.28919330006803146	0.09610986829049485	9.866435003675908E-5	0.12418738737124359	340.67393560824576	0.09610986829049481	0.12418738737124359	340.6739356082447	11556.488009751485	2380.457872132454
0.2922324143854377	0.09423128588939622	9.547065565615517E-5	0.1246868035831882	338.9854831412933	0.09423128588939618	0.12468680358318819	338.9854831412922	11545.1566861199	2387.8114869989868
0.2952715287028439	0.09239649939067415	9.238497288923901E-5	0.12517587648359849	337.330693202319	0.09239649939067411	0.12517587648359849	337.33069320231795	11534.089737396878	2394.9992622265722
0.2983106430202501	0.09060440087274772	8.940388085568854E-5	0.12565482063818972	335.70885577383666	0.09060440087274768	0.12565482063818972	335.7088557738356	11523.28047134967	2402.0252537345036
0.30134975733765634	0.08885391415082607	8.65240510357268E-5	0.12612384594921133	334.11927856106445	0.08885391415082602	0.1261238459492113	334.11927856106337	11512.72238741586	2408.893403888869
0.3059730935471134	0.08626839571892699	8.232996815735335E-5	0.12681880286394914	331.76144371652885	0.08626839571892694	0.12681880286394917	331.76144371652776	11497.128161370363	2419.047656799239
0.3105964297565704	0.08377321635494493	7.835176294813167E-5	0.1274919840909255	329.47440613582904	0.08377321635494489	0.1274919840909255	329.47440613582796	11482.079226495596	2428.8584886360954
0.31521976596602747	0.08136497645944446	7.457890118218498E-5	0.12814407202754524	327.2559466683311	0.08136497645944442	0.12814407202754524	327.25594666833	11467.555047847924	2438.338385339494
0.3198431021754845	0.07904041983658763	7.100130357001157E-5	0.12877572748590715	325.1039268655157	0.07904041983658759	0.1287757274859072	325.1039268655146	11453.535956777025	2447.4993190223004
0.32446643838494155	0.07679642672021421	6.760933223387329E-5	0.12938759035975492	323.016285239927	0.07679642672021417	0.1293875903597549	323.016285239926	11440.003108847854	2456.3527727496007
0.3290897745943986	0.07463000713700178	6.439377697113808E-5	0.12998028033603387	320.99103370739766	0.07463000713700174	0.12998028033603387	320.99103370739664	11426.938443791343	2464.9097641204094
0.33371311080385563	0.07253829461750753	6.134584133812077E-5	0.13055439756822831	319.0262542166391	0.07253829461750749	0.13055439756822831	319.02625421663805	11414.324647548945	2473.1808676151345
0.33833644701331267	0.07051854028865609	5.845712853449821E-5	0.13111052327456513	317.12009558252385	0.07051854028865605	0.1311105232745651	317.1200955825228	11402.145116612954	2481.176235591539
0.3429597832227697	0.06856810732581171	5.57196271899775E-5	0.13164922036283846	315.27077051298073	0.06856810732581167	0.13164922036283846	315.2707705129797	11390.383924531745	2488.905618004598
0.34758311943222675	0.0666844657122916	5.3125697208628176E-5	0.13217103402676356	313.47655280410345	0.06668446571229157	0.13217103402676356	313.4765528041024	11379.025790266769	2496.3783810322993
0.3522064556416838	0.06486518727251958	5.066805576697917E-5	0.13267649229775583	311.7357746858985	0.06486518727251955	0.1326764922977558	311.73577468589747	11368.056048198285	2503.603524726476
0.35682979185114083	0.06310794097003002	4.8339763495856055E-5	0.13316610660952827	310.04682431283805	0.06310794097002999	0.1331661066095283	310.04682431283703	11357.460619727179	2510.589699720778
0.3614531280605979	0.061410488464220564	4.613421086826602E-5	0.13364037233498702	308.40814339515174	0.06141048846422053	0.13364037233498702	308.4081433951507	11347.225986436206	2517.345223018225
0.3660764642700549	0.05977067990958407	4.4045104836727714E-5	0.13409976928805184	306.8182249623416	0.05977067990958403	0.13409976928805184	306.8182249623406	11337.3391647129	2523.878092915735
0.37069980047951195	0.05818644997686623	4.2066455766972E-5	0.13454476222979628	305.2756112482536	0.0581864499768662	0.1345447622297963	305.2756112482526	11327.787681710744	2530.1960031379595
0.375323136688969	0.056655814080193885	4.019256469749684E-5	0.1349758013514818	303.77889168891045	0.05665581408019386	0.1349758013514818	303.77889168890937	11318.559552552644	2536.3063562372313
0.37994647289842604	0.05517686479941611	3.841801093878562E-5	0.13539332273075377	302.326701026718	0.05517686479941608	0.1353933227307538	302.32670102671693	11309.64325871199	2542.216276298371
0.3845698091078831	0.05374776848774323	3.673764002294565E-5	0.13579774878829187	300.91771751525823	0.0537477684877432	0.13579774878829187	300.91771751525715	11301.027727511731	2547.9326209839037
0.391509626257707	0.05169237099840072	3.43814569405938E-5	0.13638112071448397	298.88108622924426	0.05169237099840068	0.1363811207144839	298.8810862292432	11288.636809871348	2556.1641277181834
0.39844944340753097	0.049739661619176694	3.2210942330222695E-5	0.13693723634983732	296.93477133934334	0.04973966161917665	0.13693723634983732	296.93477133934226	11276.865358199528	2563.995612328359
0.4053892605573549	0.047884280750408056	3.021169380043103E-5	0.13746736403075407	295.07480500723057	0.04788428075040801	0.13746736403075407	295.0748050072295	11265.68101203059	2571.447221617259
0.41232907770717886	0.046121169465780126	2.8370383054244626E-5	0.13797271299785369	293.29740133510654	0.04612116946578008	0.13797271299785366	293.29740133510546	11255.053227946553	2578.5380119824345
0.4192688948570028	0.04444555093794278	2.6674682341480595E-5	0.13845443622408152	291.5989466061472	0.04444555093794273	0.13845443622408155	291.5989466061461	11244.953167282292	2585.286015320298
0.42620871200682675	0.0428529129491714	2.5113194658967864E-5	0.13891363315778107	289.9759900922529	0.04285291294917135	0.13891363315778107	289.97599009225183	11235.353590387409	2591.7083010846995
0.4331485291566507	0.041338991535560234	2.367538781670375E-5	0.13935135208431584	288.4252354537605	0.041338991535560185	0.1393513520843158	288.4252354537594	11226.228757736908	2597.8210343295164
0.44008834630647464	0.03989975587301175	2.2351532660075278E-5	0.13976859260212887	286.9435327884058	0.0398997558730117	0.13976859260212887	286.9435327884047	11217.55433854539	2603.6395293501123
0.4470281634562986	0.03853139430518267	2.1132645352217663E-5	0.14016630799479873	285.52787127217124	0.03853139430518262	0.14016630799479873	285.52787127217016	11209.307326282527	2609.178299282385
0.45396798060612253	0.0372303013157291	2.0010433357392668E-5	0.14054540722786724	284.1753722832096	0.037230301315729054	0.1405454072278672	284.1753722832085	11201.46595989678	2614.4511023649884
0.4609077977559465	0.035993065325747045	1.8977244840473252E-5	0.14090675707354178	282.88328294422286	0.035993065325746997	0.1409067570735418	282.8832829442218	11194.009650029364	2619.4709852878377
0.4678476149057704	0.03481645728860466	1.8026021361720437E-5	0.14125118418376603	281.64897006713863	0.034816457288604614	0.1412511841837661	281.64897006713755	11186.918910049997	2624.2503237274955
0.47478743205559437	0.03369742005892125	1.7150253779025155E-5	0.14157947680325894	280.46991448526484	0.0336974200589212	0.1415794768032589	280.46991448526376	11180.175291773236	2628.8008601551305
0.4817272492054183	0.032633058473986815	1.634394119985534E-5	0.14189238660200426	279.3437057383172	0.032633058473986766	0.14189238660200426	279.34370573831615	11173.76132548385	2633.133739136972
0.48866706635524226	0.031620630073604876	1.560155277735459E-5	0.14219063048723826	278.2680370708355	0.03162063007360483	0.14219063048723832	278.2680370708344	11167.660463823955	2637.2595403905166
0.4956068835050662	0.03065753640422205	1.4917992161626123E-5	0.14247489205889505	277.2407007156335	0.030657536404222002	0.14247489205889502	277.24070071563244	11161.857029214074	2641.1883097890873
0.5025467006548902	0.029741314872378705	1.4288564454528172E-5	0.14274582318982054	276.25958344354007	0.029741314872378657	0.14274582318982054	276.259583443539	11156.336164597626	2644.929588438274
0.5094865178047141	0.028869631114447656	1.3708945530362085E-5	0.14300404562701652	275.32266236150355	0.028869631114447607	0.14300404562701655	275.32266236150247	11151.083787308855	2648.4924399422594
0.516426334954538	0.028040271844466516	1.3175153577061885E-5	0.14325015222441131	274.4280009390764	0.028040271844466468	0.14325015222441126	274.42800093907533	11146.086545832542	2651.885475996245
0.523366152104362	0.02725113814228181	1.2683522708462902E-5	0.14348470829900672	273.57374524421385	0.02725113814228176	0.1434847082990067	273.5737452442128	11141.331779228069	2655.1168804372696
0.5303059692541859	0.026500239150224442	1.2230678507627482E-5	0.1437082530575865	272.7581203725831	0.026500239150224394	0.14370825305758655	272.758120372582	11136.807479025463	2658.194431865445
0.5372457864040099	0.025785686151668076	1.1813515373959409E-5	0.14392130063629335	271.9794270571092	0.025785686151668027	0.14392130063629333	271.9794270571081	11132.502253431305	2661.1255249304195
0.5441856035538338	0.025105687006474767	1.1429175555310516E-5	0.1441243412576642	271.23603844541634	0.025105687006474718	0.1441243412576642	271.23603844541526	11128.405293694232	2663.9171903700276
0.5511254207036578	0.02445854091877271	1.1075029750974689E-5	0.14431784251674173	270.5263970333509	0.024458540918772663	0.1443178425167418	270.52639703334984	11124.506342481516	2666.5761138871917
0.5580652378534817	0.02384263351402112	1.0748659175293496E-5	0.1445022502531121	269.8490117437876	0.02384263351402107	0.14450225025311206	269.84901174378655	11120.795664126183	2669.108653946686
0.5650050550033057	0.023256432204698474	1.0447838978141913E-5	0.14467798952591654	269.2024551411716	0.023256432204698425	0.14467798952591654	269.2024551411705	11117.264016620622	2671.520858562809
0.5719448721531296	0.022698481825966725	1.0170522926843682E-5	0.14484546578937152	268.58536077325203	0.022698481825966677	0.1448454657893716	268.58536077325095	11113.90262524406	2673.818481142746
0.5788846893029536	0.022167400523921726	9.9148292599204E-6	0.14500506562176846	267.9964206321683	0.022167400523921674	0.1450050656217684	267.9964206321672	11110.703157717275	2676.0069954473897
0.5858245064527775	0.02166187588003934	9.679027627892417E-6	0.1451571575298855	267.4343827276645	0.02166187588003929	0.14515715752988545	267.43438272766343	11107.65770078643	2678.091609725408
0.5927643236026015	0.021180661256582432	9.461527042205642E-6	0.14530209304045336	266.89804876583054	0.02118066125658238	0.14530209304045347	266.89804876582946	11104.758738144206	2680.0772800728437
0.5997041407524254	0.02072257234896336	9.260864758145196E-6	0.14544020730977256	266.3862719273783	0.020722572348963308	0.14544020730977247	266.3862719273772	11101.999129601909	2681.9687230681743
0.6066439579022493	0.020286483932135037	9.075696022289714E-6	0.145571819763104	265.8979547399984	0.020286483932134985	0.1455718197631039	265.8979547399973	11099.372091435316	2683.770427726397
0.6135837750520733	0.019871326788970634	8.90478462083477E-6	0.14569723512556398	265.43204703977386	0.01987132678897058	0.14569723512556412	265.4320470397728	11096.871177832081	2685.486666812877
0.6205235922018972	0.01947608480938286	8.746994168989468E-6	0.145816743936873	264.98754401703184	0.01947608480938281	0.14581674393687294	264.98754401703076	11094.490263370792	2687.1215075574523
0.6274634093517212	0.01909979224970922	8.601280084961369E-6	0.1459306230255985	264.56348434239027	0.019099792249709167	0.1459306230255984	264.5634843423892	11092.223526469219	2688.6788218037923
0.6380802577805209	0.01855871617290611	8.399567228756373E-6	0.1460945437795515	263.9522174044603	0.018558716172906057	0.1460945437795515	263.95221740445925	11088.964202713621	2690.9195866987675
0.6486971062093206	0.01805676918861894	8.220798121008872E-6	0.14624679384198044	263.38354103457533	0.018056769188618888	0.14624679384198044	263.38354103457425	11085.94063473039	2692.9998948102048
0.6593139546381204	0.01759109621553132	8.06225248120516E-6	0.14638820089233442	262.85454659531365	0.01759109621553127	0.14638820089233445	262.85454659531257	11083.135614088464	2694.9312581633794
0.6699308030669201	0.01715905385262432	7.921538804995159E-6	0.14651953429801096	262.36251772590714	0.01715905385262427	0.14651953429801096	262.36251772590606	11080.533208988852	2696.724358249186
0.6805476514957198	0.016758194427530786	7.79655532394428E-6	0.1466415091074044	261.9049183270753	0.016758194427530737	0.1466415091074044	261.9049183270742	11078.118667974457	2698.3891061804065
0.6911644999245196	0.016386251084283134	7.685454638239021E-6	0.1467547898730197	261.4793811565937	0.01638625108428308	0.1467547898730197	261.47938115659264	11075.878329921023	2699.93469909684
0.7017813483533193	0.016041123948551457	7.586612169285704E-6	0.14685999422077928	261.0836970424964	0.016041123948551405	0.14685999422077928	261.0836970424953	11073.799540539403	2701.3696726974
0.712398196782119	0.015720867480562603	7.4985988457062125E-6	0.14695769614885232	260.71580477219953	0.01572086748056255	0.14695769614885235	260.71580477219845	11071.870576055151	2702.7019495078944
0.7230150452109187	0.015423678922003765	7.420157522859077E-6	0.1470484290750006	260.3737816348492	0.015423678922003714	0.1470484290750006	260.3737816348481	11070.080573498228	2703.93888319078
0.7336318936397185	0.015147887640071056	7.3501822216747136E-6	0.14713268867126508	260.0558345388677	0.015147887640071005	0.14713268867126508	260.05583453886663	11068.419466411991	2705.0872995702844
0.7442487420685182	0.01489194524602635	7.287699652317021E-6	0.1472109355158954	259.7602916443865	0.014891945246026298	0.1472109355158954	259.7602916443854	11066.87792523978	2706.153534804027
0.7548655904973179	0.014654416458443068	7.2318529137852986E-6	0.14728359756629364	259.48559448830247	0.014654416458443016	0.14728359756629364	259.4855944883014	11065.44730220887	2707.1434708135157
0.7654824389261177	0.01443397068912433	7.181887278893931E-6	0.14735107245511875	259.2302905912907	0.01443397068912428	0.14735107245511875	259.23029059128964	11064.119580578665	2708.06256805074
0.7760992873549174	0.014229374291731114	7.13713779632023E-6	0.14741372962204216	258.99302652473614	0.014229374291731062	0.14741372962204213	258.99302652473506	11062.887327890445	2708.9158958042376
0.7867161357837171	0.014039483399246402	7.097018393075124E-6	0.14747191229732862	258.7725414057925	0.014039483399246351	0.14747191229732862	258.7725414057914	11061.743652771887	2709.708160299784
0.7973329842125169	0.013863237295382778	7.061012264372968E-6	0.14752593934958586	258.5676607910801	0.013863237295382727	0.14752593934958588	258.567660791079	11060.682164964577	2710.4437307910994
0.8079498326413166	0.0136996522848038	7.028663432173776E-6	0.14757610700540855	258.3772909469899	0.01369965228480375	0.14757610700540855	258.3772909469888	11059.696938362209	2711.1266637687177
0.8185666810701163	0.013547816029773785	6.999569361348804E-6	0.14762269044793833	258.200413478403	0.013547816029773735	0.14762269044793835	258.2004134784019	11058.78247686382	2711.7607254030563
0.829183529498916	0.013406882315745178	6.9733744969392814E-6	0.14766594530279703	258.0360802968545	0.013406882315745128	0.14766594530279703	258.0360802968534	11057.933682815472	2712.349412353925
0.8398003779277158	0.01327606620841711	6.9497645900251565E-6	0.14770610902011738	257.8834089077983	0.01327606620841706	0.14770610902011738	257.8834089077972	11057.145827813954	2712.8959710800227
0.8504172263565155	0.01315463957065218	6.928461711067047E-6	0.14774340216020526	257.7415779973512	0.013154639570652129	0.14774340216020526	257.74157799735013	11056.414525681574	2713.40341576352
0.8610340747853152	0.013041926912975996	6.909219874644574E-6	0.1477780295891686	257.6098233009863	0.013041926912975945	0.1477780295891686	257.6098233009852	11055.73570745331	2713.8745449465873
0.871650923214115	0.01293730155324985	6.891821205969912E-6	0.14781018159042705	257.4874337382573	0.0129373015532498	0.14781018159042708	257.4874337382562	11055.105598228962	2714.311956969489
0.8822677716429147	0.012840182061564096	6.8760725802098975E-6	0.14784003489796915	257.37374779819874	0.012840182061564046	0.14784003489796918	257.3737477981976	11054.520695745616	2714.7180642979133
0.8928846200717144	0.012750028967843276	6.861802672369493E-6	0.14786775365696964	257.26815016028667	0.012750028967843226	0.14786775365696966	257.26815016028553	11053.977750534532	2715.095106822608
0.9035014685005142	0.012666341712035819	6.848859366548054E-6	0.14789349031687418	257.17006853648667	0.01266634171203577	0.1478934903168742	257.17006853648553	11053.47374754094	2715.445164206544
0.9141183169293139	0.01258865581884974	6.837107481980541E-6	0.1479173864615847	257.0789707209033	0.012588655818849692	0.14791738646158473	257.0789707209022	11053.005889097865	2715.7701673475203
0.9247351653581136	0.012516540280323177	6.826426777673696E-6	0.14793957358107004	256.99436183445135	0.012516540280323129	0.14793957358107004	256.9943618344502	11052.571579153118	2716.071909019226
0.9353520137869133	0.01244959513053872	6.8167102006079054E-6	0.14796017378849766	256.9157817525988	0.01244959513053867	0.14796017378849766	256.91578175259764	11052.168408654774	2716.3520537500435
0.9459688622157131	0.012387449197944572	6.807862346621677E-6	0.14797930048672495	256.8428027047495	0.012387449197944522	0.14797930048672495	256.84280270474835	11051.794142007386	2716.612146994889
0.9565857106445128	0.012329758021995131	6.799798107662231E-6	0.14799705898770102	256.7750270344209	0.01232975802199508	0.14799705898770102	256.77502703441974	11051.4467045188	2716.8536236510104
0.9672025590733125	0.012276201921936297	6.792441482750755E-6	0.14801354708806289	256.71208511003255	0.012276201921936247	0.14801354708806289	256.7120851100314	11051.12417076409	2717.077815964654
0.9778194075021123	0.01222648420647073	6.785724532598502E-6	0.14802885560398482	256.65363337674535	0.01222648420647068	0.1480288556039848	256.6536333767442	11050.824753798686	2717.285960872127
0.988436255930912	0.012180329513845399	6.7795864600015E-6	0.14804306886814256	256.5993525403276	0.012180329513845347	0.14804306886814256	256.59935254032644	11050.546795157608	2717.47920681582
0.9990531043597117	0.012137482272691812	6.773972800359638E-6	0.14805626519145987	256.5489458745163	0.012137482272691758	0.1480562651914599	256.54894587451514	11050.288755582464	2717.6586200728802
1.0096699527885116	0.012097705274708083	6.768834708770647E-6	0.1480685172921151	256.5021376438322	0.01209770527470803	0.14806851729211506	256.5021376438311	11050.049206422509	2717.8251906314404
1.0202868012173114	0.012060778350960921	6.764128331902847E-6	0.14807989269410848	256.45867163430074	0.012060778350960867	0.14807989269410848	256.4586716342996	11049.82682166017	2717.9798376467393
1.0309036496461113	0.012026497144198883	6.759814254264252E-6	0.14809045409753452	256.4183097849931	0.012026497144198829	0.14809045409753452	256.4183097849919	11049.620370515135	2718.1234145071603
1.0468752936573804	0.011979495928946348	6.753986270456048E-6	0.1481049358980993	256.36295591083643	0.011979495928946295	0.14810493589809925	256.3629559108352	11049.337316399236	2718.3202809574645
1.0628469376686496	0.011937467561222796	6.748860584889664E-6	0.14811788705491521	256.3134430956633	0.011937467561222742	0.14811788705491524	256.313443095662	11049.084210644312	2718.4963336989435
1.0788185816799187	0.011899885573168574	6.7443461991555825E-6	0.14812946930762463	256.2691560331613	0.011899885573168519	0.14812946930762463	256.2691560331601	11048.857882561735	2718.653773220482
1.094790225691188	0.011866279254360637	6.740364948190611E-6	0.14813982731699743	256.2295439804297	0.011866279254360582	0.14813982731699743	256.2295439804284	11048.655497285194	2718.7945675534743
1.110761869702457	0.0118362278385516	6.736849594894064E-6	0.1481490904523848	256.19411413751345	0.011836227838551544	0.14814909045238478	256.19411413751214	11048.474520754517	2718.920476398594
1.1267335137137262	0.011809355183468985	6.733742156283939E-6	0.14815737440367208	256.1624255698822	0.01180935518346893	0.14815737440367208	256.1624255698809	11048.312687669802	2719.033073224631
1.1427051577249954	0.011785324963490502	6.730992466042897E-6	0.14816478264351754	256.1340837036011	0.011785324963490447	0.1481647826435175	256.1340837035998	11048.167972535302	2719.133765249923
1.1586768017362645	0.011763836425385523	6.72855700407148E-6	0.14817140772644602	256.10873544977994	0.011763836425385466	0.14817140772644602	256.10873544977864	11048.038564095443	2719.223811098591
1.1746484457475337	0.011744620646651572	6.726397950144708E-6	0.14817733243135048	256.0860648896939	0.011744620646651514	0.1481773324313505	256.0860648896926	11047.922842798584	2719.304336382402
1.1906200897588028	0.01172743718609849	6.724482385392798E-6	0.14818263078688013	256.06578940008296	0.011727437186098432	0.14818263078688013	256.06578940008166	11047.819360623598	2719.3763476611502
1.206591733770072	0.011712071061169364	6.722781598242296E-6	0.14818736899690324	256.0476561504316	0.011712071061169307	0.14818736899690324	256.04765615043027	11047.72682287455	2719.440745047115
1.2225633777813412	0.011698330036812948	6.721270489512846E-6	0.14819160627044392	256.031438957535	0.011698330036812891	0.14819160627044392	256.0314389575337	11047.644071851972	2719.498333514027
1.2385350217926103	0.01168604221311806	6.719927075197463E-6	0.14819539556153546	256.0169354817291	0.011686042213118003	0.14819539556153546	256.0169354817278	11047.57007232374	2719.549832964657
1.2545066658038795	0.011675053878136745	6.718732070864689E-6	0.1481987842281673	256.0039647256721	0.01167505387813669	0.1481987842281673	256.0039647256708	11047.503898593295	2719.5958871972703
1.2704783098151486	0.011665227586408028	6.717668536497513E-6	0.1482018146221801	255.99236479194246	0.011665227586407973	0.1482018146221801	255.99236479194116	11047.444722927268	2719.637071933619
1.2864499538264178	0.011656440435499205	6.716721568717246E-6	0.14820452461858677	255.98199086971388	0.011656440435499148	0.14820452461858677	255.98199086971258	11047.391805175783	2719.6739020215937
1.302421597837687	0.01164858252387764	6.715878035689722E-6	0.14820694808933657	255.97271343193648	0.011648582523877583	0.14820694808933657	255.97271343193518	11047.344483484889	2719.7068378813465
1.3183932418489561	0.011641555574564434	6.715126351040092E-6	0.14820911532640052	255.96441662460023	0.011641555574564378	0.14820911532640052	255.96441662459893	11047.302166007497	2719.736291260142
1.3343648858602253	0.011635271706239195	6.714456280559294E-6	0.14821105341972002	255.9569968267001	0.01163527170623914	0.14821105341972	255.95699682669877	11047.264323502379	2719.7626303725074
1.3503365298714944	0.011629652333927555	6.713858775041079E-6	0.1482127865953843	255.9503613607514	0.0116296523339275	0.14821278659538434	255.95036136075007	11047.230482713636	2719.786184499652
1.3663081738827636	0.011624627185041704	6.713325824247702E-6	0.14821433651809507	255.9444273383256	0.011624627185041647	0.1482143365180951	255.94442733832426	11047.20022044487	2719.807248106538
1.3822798178940328	0.011620133419310301	6.712850331471708E-6	0.1482157225631687	255.9391206258159	0.011620133419310246	0.14821572256316873	255.93912062581455	11047.173158259071	2719.826084525903
1.398251461905302	0.011616114842451102	6.712426003897536E-6	0.1482169620569273	255.93437492060568	0.011616114842451045	0.14821696205692733	255.93437492060434	11047.148957743057	2719.8429292496257
1.414223105916571	0.01161252120341716	6.712047256716296E-6	0.14821807049418176	255.9301309253453	0.011612521203417105	0.1482180704941818	255.93013092534397	11047.127316275257	2719.8579928703484
1.4383969601726163	0.011607791677817832	6.711549823747614E-6	0.14821952930603471	255.9245453085791	0.011607791677817777	0.14821952930603471	255.92454530857773	11047.098834323511	2719.8778180041763
1.4625708144286615	0.01160379825976496	6.711130728845173E-6	0.14822076108210655	255.9198288928628	0.011603798259764904	0.14822076108210658	255.91982889286143	11047.074785333472	2719.894557683135
1.4867446686847068	0.011600426334280175	6.710777511685445E-6	0.14822180116847	255.91584638370256	0.01160042633428012	0.14822180116846997	255.9158463837012	11047.054479073146	2719.908692282372
1.510918522940752	0.011597579103038418	6.710479722466459E-6	0.14822267941795333	255.91248350505384	0.011597579103038363	0.14822267941795336	255.91248350505248	11047.037332606069	2719.9206275163097
1.5350923771967973	0.011595174901442011	6.710228602278773E-6	0.14822342101706915	255.90964383737668	0.011595174901441956	0.14822342101706912	255.90964383737528	11047.022854134082	2719.930705678382
1.5592662314528425	0.01159314482430283	6.710016800398772E-6	0.1482240472177794	255.90724601955563	0.011593144824302773	0.1482240472177794	255.90724601955424	11047.010628698607	2719.9392155877404
1.5834400857088877	0.011591430675486916	6.709838133589932E-6	0.14822457596953223	255.90522133156784	0.011591430675486857	0.14822457596953223	255.90522133156645	11047.000305832935	2719.9464011798123
1.607613939964933	0.011589983282537943	6.70968739463551E-6	0.14822502243889604	255.90351170603526	0.011589983282537882	0.14822502243889604	255.90351170603387	11046.991589412539	2719.952468569074
1.6317877942209782	0.011588761118516337	6.709560199966392E-6	0.14822539943452248	255.9020681016629	0.011588761118516274	0.14822539943452248	255.9020681016615	11046.984229355516	2719.9575918249616
1.6559616484770234	0.01158772913294529	6.709452860745799E-6	0.14822571776762827	255.90084912368988	0.011587729132945227	0.14822571776762827	255.90084912368846	11046.978014582337	2719.9619178711914
1.6801355027330687	0.011586857738848806	6.709362270584101E-6	0.1482259865643439	255.89981982865362	0.011586857738848742	0.14822598656434394	255.8998198286522	11046.97276691558	2719.9655707308098
1.704309356989114	0.011586121949652561	6.70928581067778E-6	0.14822621353187476	255.8989507056907	0.011586121949652499	0.1482262135318748	255.8989507056893	11046.968335882195	2719.9686551434975
1.7284832112451591	0.011585500660772317	6.709221272360208E-6	0.14822640518006694	255.8982168282869	0.011585500660772255	0.14822640518006694	255.89821682828548	11046.964594387104	2719.9712595767987
1.7526570655012044	0.011584976051278645	6.7091667933725295E-6	0.1482265670059483	255.89759714774553	0.011584976051278582	0.14822656700594833	255.8975971477441	11046.961435109919	2719.973458734106
1.7768309197572496	0.01158453307656799	6.709120803723752E-6	0.14822670365019688	255.8970738942063	0.011584533076567928	0.14822670365019688	255.89707389420488	11046.958767449734	2719.9753156810934
1.8010047740132948	0.011584159034767212	6.709081979270064E-6	0.148226819030869	255.89663206472673	0.011584159034767148	0.14822681903086898	255.8966320647253	11046.956514913929	2719.9768836630947
1.8383291297612734	0.011583692588141395	6.709033574802979E-6	0.1482269629158333	255.8960810821231	0.01158369258814133	0.1482269629158333	255.89608108212167	11046.953705902482	2719.9788390075364
1.875653485509252	0.011583333433203237	6.708996312951966E-6	0.14822707370461555	255.8956568348021	0.011583333433203174	0.14822707370461552	255.8956568348007	11046.951543017702	2719.9803445864586
1.9129778412572305	0.011583056850012301	6.708967622600306E-6	0.14822715902252398	255.89533012360914	0.011583056850012239	0.14822715902252398	255.8953301236077	11046.949877392368	2719.9815040250005
1.950302197005209	0.011582843782001442	6.7089455232672706E-6	0.14822722474786434	255.89507843871488	0.01158284378200138	0.14822722474786437	255.89507843871343	11046.94859426496	2719.982397207873
1.9876265527531876	0.011582679625580699	6.708928498539219E-6	0.1482272753854083	255.89488453002932	0.011582679625580634	0.1482272753854083	255.89488453002787	11046.94760569047	2719.983085353167
2.0249509085011663	0.01158255318357873	6.708915386299293E-6	0.14822731438915387	255.8947351711046	0.011582553183578663	0.14822731438915387	255.89473517110315	11046.94684423785	2719.9836153993983
2.062275264249145	0.011582455814108437	6.708905289675833E-6	0.1482273444248674	255.89462015383916	0.011582455814108371	0.14822734442486737	255.8946201538377	11046.946257864362	2719.984023573372
2.0995996199971234	0.011582380826077132	6.708897514251493E-6	0.1482273675565502	255.89453157447937	0.011582380826077068	0.1482273675565502	255.89453157447792	11046.945806275242	2719.9843379241593
2.136923975745102	0.011582323060610676	6.70889152477868E-6	0.14822738537556157	255.89446333918374	0.011582323060610612	0.14822738537556157	255.8944633391823	11046.94545840298	2719.984580077766
2.1742483314930805	0.011582278560369029	6.70888691083828E-6	0.1482273991026272	255.8944107733885	0.011582278560368964	0.1482273991026272	255.89441077338705	11046.945190415885	2719.9847666233827
2.211572687241059	0.011582244286229212	6.70888335728584E-6	0.14822740967523118	255.89437028714175	0.011582244286229148	0.14822740967523118	255.89437028714033	11046.9449840119	2719.9849103010492
2.2736057558052964	0.011582203905697122	6.7088791708436066E-6	0.14822742213149134	255.89432258770273	0.011582203905697058	0.14822742213149137	255.8943225877013	11046.944740834311	2719.985079576826
2.335638824369534	0.011582177855926903	6.708876470258942E-6	0.14822743016710838	255.89429181644385	0.011582177855926837	0.14822743016710838	255.89429181644243	11046.94458395871	2719.9851887778505
2.3976718929337713	0.011582160999898878	6.708874722828278E-6	0.14822743536674582	255.89427190520362	0.01158216099989881	0.14822743536674582	255.89427190520217	11046.944482449197	2719.985259438649
2.4597049614980087	0.01158214998593159	6.708873580990888E-6	0.14822743876424374	255.89425889488112	0.011582149985931524	0.14822743876424374	255.89425889487964	11046.944416121443	2719.9853056094507
2.521738030062246	0.01158214275852063	6.708872831598606E-6	0.14822744099368318	255.8942503575433	0.011582142758520566	0.1482274409936832	255.89425035754184	11046.944372596896	2719.985335906833
2.5837710986264835	0.011582138059948281	6.708872344327911E-6	0.1482274424430494	255.8942448074715	0.011582138059948217	0.14822744244304942	255.89424480747	11046.944344301392	2719.9853556032076
2.7188913550443723	0.011582133235725376	6.7088718438593495E-6	0.14822744393116508	255.8942391092577	0.011582133235725307	0.14822744393116508	255.89423910925623	11046.944315249199	2719.985375826029
2.8096048823782342	0.011582131788058251	6.708871693847582E-6	0.148227444377739	255.8942373990272	0.011582131788058182	0.14822744437773902	255.8942373990257	11046.944306531133	2719.9853818948463
2.900318409712096	0.011582130692455983	6.708871580561657E-6	0.14822744471574034	255.89423610448426	0.011582130692455915	0.14822744471574034	255.8942361044828	11046.944299933255	2719.9853864879906
2.991031937045958	0.011582129964922337	6.70887150512516E-6	0.1482274449401302	255.89423524514507	0.011582129964922272	0.14822744494013018	255.8942352451436	11046.944295551937	2719.9853895377637
3.08174546437982	0.011582129683325568	6.708871475647331E-6	0.14822744502698176	255.8942349127848	0.011582129683325504	0.14822744502698176	255.89423491278333	11046.944293856119	2719.9853907179468
3.172458991713682	0.01158212963646311	6.708871470767012E-6	0.1482274450414561	255.89423485738092	0.011582129636463044	0.14822744504145607	255.89423485737944	11046.944293573906	2719.9853909144426
3.263172519047544	0.01158212957769696	6.708871464940548E-6	0.14822744505959964	255.89423478772488	0.011582129577696892	0.14822744505959964	255.89423478772343	11046.944293220009	2719.985391161029
3.353886046381406	0.011582129472196423	6.708871454092812E-6	0.14822744509213465	255.8942346631052	0.011582129472196357	0.14822744509213465	255.89423466310373	11046.944292584669	2719.9853916032857
3.5590380427545782	0.011582128771172803	6.708871381461836E-6	0.14822744530835902	255.89423383542152	0.01158212877117275	0.14822744530835902	255.89423383542	11046.944288363	2719.9853945415875
3.68868234914323	0.011582128844480021	6.708871389021725E-6	0.14822744528576098	255.8942339217389	0.011582128844479966	0.14822744528576096	255.8942339217374	11046.944288804467	2719.9853942345594
3.8183266555318816	0.011582129301221981	6.7088714361731034E-6	0.14822744514486944	255.89423446113966	0.011582129301221917	0.14822744514486944	255.8942344611382	11046.944291555033	2719.985392320016
3.947970961920533	0.011582129537549496	6.708871460809159E-6	0.14822744507200158	255.89423474030545	0.011582129537549429	0.1482274450720016	255.894234740304	11046.944292978233	2719.985391329323
4.077615268309185	0.011582129428261059	6.7088714496677215E-6	0.14822744510569485	255.89423461122533	0.011582129428260993	0.14822744510569485	255.89423461122388	11046.944292320084	2719.9853917874448
4.207259574697837	0.011582129307241545	6.708871436848271E-6	0.1482274451429961	255.89423446840587	0.01158212930724148	0.14822744514299613	255.89423446840442	11046.944291591284	2719.9853922946268
4.47742678688538	0.01158212892881179	6.70887139733647E-6	0.14822744525975196	255.89423402125226	0.01158212892881173	0.14822744525975196	255.8942340212508	11046.944289312323	2719.9853938811443
4.651264485983514	0.011582129123120897	6.708871417723092E-6	0.14822744519981085	255.8942342508304	0.011582129123120835	0.14822744519981085	255.894234250829	11046.944290482483	2719.985393066546
4.825102185081648	0.011582129381561737	6.708871444590651E-6	0.14822744512008515	255.8942345561849	0.011582129381561673	0.14822744512008512	255.89423455618348	11046.944292038852	2719.985391983086
5.0	0.011582129465695045	6.708871453238343E-6	0.14822744509413127	255.89423465556507	0.01158212946569498	0.14822744509413127	255.89423465556365	11046.944292545515	2719.9853916304005