t	(Var=minDt) Max	(Var=minDt) WeightedMean	(Var=minDt) Min
0.0	0.0	0.0	0.0
0.5	1.8956293455034758	1.8952019767436143	1.894834944112296
1.0	4.40551563079666	4.404225334048379	4.40311903992018
1.5	10.430355684313719	10.426243195535957	10.422722540223344
2.0	23.756614401990937	23.753120047090285	23.74911074715577
2.5	39.45070416363716	39.40952438339023	39.361793123300984
3.0	49.986601690943246	49.90247998351213	49.80492162878484
3.5	55.31230630976505	55.192644861742025	55.05381906739981
4.0	57.25485028171343	57.10761464788188	56.93674472828456
4.5	57.34752136916361	57.178929162000735	56.98323217104441
5.0	56.55521828018614	56.36971910456694	56.154379507836
5.5	55.411032438105565	55.211749610879416	54.98042320139623
6.0	54.18433279979375	53.9734797097388	53.72876851978774
6.5	52.99900317891131	52.77818914129198	52.52199093672478
7.0	51.903921603996615	51.67436085834351	51.40810913543063
7.5	50.91184382262097	50.67449366442991	50.39931745867854
8.0	50.01980411251852	49.77545334312713	49.492280495060044
8.5	49.2193041066561	48.968627414411756	48.678248724962565
9.0	48.50105885245836	48.244648549503275	47.94775568979674
9.5	47.85694080654982	47.595324189351736	47.29253078441189
10.0	47.28054839091069	47.01419652981247	46.70604910452826
10.5	46.76715184307384	46.496483695907074	46.18346701658451
11.0	46.313400703481456	46.03878502691607	45.721324741520526
11.5	45.91697893723317	45.63873546000975	45.31719977173951
12.0	45.576289230927564	45.29468987790959	44.96939119669094
12.5	45.29019497937065	45.00546550749739	44.676662520409366
13.0	45.05782320378975	44.77014535855476	44.438045660670014
13.5	44.87842097201462	44.58793513629485	44.25269839987971
14.0	44.75125457943284	44.45806282278806	44.11980440575102
14.5	44.67554088288667	44.37971029901252	44.038505167419174
15.0	44.6504017052713	44.35196792825901	44.007854769853914
15.5	44.67483412157625	44.373804925657616	44.026790346811126
16.0	44.747691230269176	44.444050135998054	44.09411285494356
16.5	44.86766953319703	44.56137936059469	44.20847433014474
17.0	45.03330024992493	44.7243065752039	44.36836898620388
17.5	45.24294281323516	44.93117729842885	44.572126429868824
18.0	45.49477947378064	45.18016304837967	44.817905941249165
18.5	45.786810439719446	45.46925632002969	45.103691259647135
19.0	46.11684933100959	45.79626586802876	45.42728566498562
19.5	46.48251898264641	46.1588123311962	45.78630739354456
20.0	46.88124780403639	46.554324407067405	46.17818559751176
20.5	47.31026702154711	46.98003590353034	46.60015717526587
21.0	47.76660920789841	47.43298407037575	47.04926487421118
21.5	48.247108546904855	47.91000965824641	47.52235711255459
22.0	48.74840330059095	48.40775917159409	48.0160899855874
22.5	49.26694094316891	48.92268977900142	48.52693191923166
23.0	49.79898640391427	49.45107732389626	49.05117141427397
23.5	50.34063382014531	49.98902783777426	49.58492828468789
24.0	50.887822144651125	50.53249290272794	50.12416873963278
24.5	51.43635487777824	51.07728913713764	50.66472458698156
25.0	51.981924103970975	51.61912198919736	51.20231674867805
25.5	52.52013890801913	52.153613919524716	51.73258317598943
26.0	53.046558131512555	52.67633694036313	52.25111114002945
26.5	53.55672729709723	53.18284934657191	52.75347374156248
27.0	54.04621939821269	53.66873634373408	53.235270354057384
27.5	54.51067910614982	54.1296541328019	53.69217056802238
28.0	54.945869810816035	54.561376873851465	54.11996106640691
28.5	55.34772277656225	54.95984581545247	54.51459472292147
29.0	55.71238756213505	55.32121974048734	54.872241076837796
29.5	56.03628276045286	55.641925784131296	55.18933723929245
30.0	56.31614600383287	55.91870956560193	55.462638168489256
30.5	56.549082139377724	56.14868353058292	55.68926520132414
31.0	56.73260842862168	56.32937234787879	55.86675167317812
31.5	56.86469564125622	56.4587542151701	55.99308446348382
32.0	56.94380393795313	56.53529695226297	56.06674032644103
32.5	56.968912523429104	56.55798784380664	56.086715946727935
33.0	56.93954215644584	56.52635629949729	56.052550767244384
33.5	56.85576975260262	56.440488548837784	55.96434178436323
34.0	56.718234494872966	56.30103377059298	55.822749693390584
34.5	56.528135074044734	56.10920126615528	55.62899598031098
35.0	56.28721790470922	55.86674851654729	55.384850791609686
35.5	55.997756402920594	55.57596021030484	55.092611670894485
36.0	55.662521657860474	55.23961857557089	54.75507349995666
36.5	55.28474505614962	54.86096559653422	54.375490244340966
37.0	54.86807366013535	54.443657926191186	53.95752933280903
37.5	54.41651932772405	53.991715512382875	53.50521971854353
38.0	53.934402738524916	53.509465126115884	53.022894840590524
38.5	53.42629362465996	53.00148012132408	52.51513184882745
39.0	52.896948590889636	52.47251783684256	51.98668853424344
39.5	52.3512479517739	51.9274560944618	51.44243944777528
40.0	51.7941329999985	51.371230228525086	50.88731266601131
40.5	51.23054507616217	50.808772030101366	50.32622860361598
41.0	50.66536768123742	50.24495185752639	49.7640421320124
41.5	50.10337275252378	49.68452503139775	49.205489123399595
42.0	49.54917202248773	49.13208343004625	48.655138327337646
42.5	49.00717418192268	48.59201299195257	48.117349271139325
43.0	48.48154833969551	48.068457601342615	47.59623664089622
43.5	47.976194040812594	47.56528959642519	47.095641356991585
44.0	47.49471787800749	47.086086913431366	46.619108331399175
44.5	47.04041651963818	46.63411666561174	46.169870679354126
45.0	46.61626578722187	46.212324769166734	45.75083997278427
45.5	46.22491525469157	45.82333106850815	45.364601965528784
46.0	45.86868772081303	45.46942929675373	45.01341710880154
46.5	45.54958281508886	45.15259111934021	44.69922509103194
47.0	45.26928395105512	44.874473466487785	44.42365259872637
47.5	45.02916782645506	44.636428349642685	44.188023489020026
48.0	44.83031568716021	44.43951438096716	43.993370592913436
48.5	44.67352563316078	44.28450926684517	43.84044842100855
49.0	44.559325289169095	44.17192261561272	43.72974611948603
49.5	44.48798427840404	44.10200849341234	43.661500114915405
50.0	44.45952601734985	44.07477725833047	43.63570598855288
50.5	44.47373846685174	44.090006310143785	43.652129220320994
51.0	44.53018356772175	44.14724949741648	43.710314559642946
51.5	44.62820520724667	44.245845029433184	43.80959387170498
52.0	44.76693565347843	44.38492183696471	43.94909241227057
52.5	44.94530048687078	44.56340441794305	44.12773357246291
53.0	45.16202214963395	44.780016287576224	44.34424221527281
53.5	45.415622295406784	45.033282223810126	44.597146800120264
54.0	45.70442319902601	45.32152956496235	44.884780552071014
54.5	46.026548534732655	45.64288886994556	45.2052819877235
55.0	46.37992387639344	45.99529429538815	45.55659515146455
55.5	46.76227730948377	46.37648407900844	45.93646995191457
56.0	47.171140573918244	46.7840015443179	46.342463010922096
56.5	47.60385116209202	47.2151970552388	46.77193945416243
57.0	48.05755581060398	47.66723135453551	47.22207607522906
57.5	48.52921581425669	48.13708071320643	47.68986629975675
58.0	49.01561456678094	48.62154430000118	48.17212735929396
58.5	49.51336771117476	49.117254151253505	48.66551005498391
59.0	50.01893624217294	49.62068807840805	49.16651144975483
59.5	50.52864282212105	50.12818579680862	49.67149077756677
60.0	51.038691546831565	50.635968491135024	50.17668878569271
60.5	51.545191278492304	51.1401619554782	50.67825065526459
61.0	52.04418259181019	51.63682335388979	51.17225255124952
61.5	52.531668273434725	52.121971547017516	51.654731753031555
62.0	53.003647205207486	52.59162082290286	52.12172021281873
62.5	53.45615134581022	53.041817751878334	52.569281267175334
63.0	53.88528541300022	53.468680774258495	52.993549117290776
63.5	54.287268748120944	53.8684420069197	53.39077057076144
64.0	54.658478737957005	54.23749064709036	53.75734842544164
64.5	54.9954950655421	54.57241724747774	54.08988577266257
65.0	55.29514397585657	54.870058047124786	54.38523040285391
65.5	55.55454167295679	55.1275384716651	54.640518422839435
66.0	55.77113591844081	55.34231486647303	54.853216142288666
66.5	55.94274487821824	55.512213500838335	55.02115925640192
67.0	56.06759227233411	55.63546588704721	55.14258835621123
67.5	56.14433791594903	55.71073948889422	55.21617982590272
68.0	56.17210281097025	55.737162964917395	55.24107125593449
68.5	56.15048804056261	55.714345184287936	55.21688059380841
69.0	56.07958684601236	55.64238738030869	55.14371838048569
69.5	55.95998941401882	55.52188795927494	55.02219257902517
70.0	55.79278007684724	55.35393965730997	54.853405676558246
70.5	55.57952681346035	55.1401189288984	54.63894393883247
71.0	55.32226313697141	54.882467652662385	54.38085890316878
71.5	55.02346265541914	54.583467445693806	54.08164140637981
72.0	54.68600678633665	54.24600707753846	53.74418865115672
72.5	54.313146289633536	53.87334366151035	53.37176500421081
73.0	53.90845745369173	53.46905847755143	52.967957402055426
73.5	53.47579389846942	53.03700840926295	52.53662636975256
74.0	53.01923507887288	52.58127410117717	52.08185378380907
74.5	52.54303263796997	52.106106005938706	51.607888572647276
75.0	52.051555794637245	51.615869525303985	51.11909158024486
75.5	51.549236948895576	51.11499044396526	50.61988080975767
76.0	51.04051863384592	50.60790179637207	50.11467819994973
76.5	50.52980286861686	50.098993227307595	49.60785900204114
77.0	50.02140384278957	49.592563777617634	49.10370468907912
77.5	49.51950472300089	49.09277888148365	48.60636017881707
78.0	49.028119198195796	48.603632182884894	48.119795967355344
78.5	48.55105820551585	48.128912600276166	47.64777558736538
79.0	48.09190208806514	47.672176875453246	47.1938286091042
79.5	47.6539782536964	47.236727658207364	46.76122921581673
80.0	47.24034422811321	46.82559700322895	46.35298021031358
80.5	46.85377584147054	46.44153500111306	45.971802155100384
81.0	46.496760152709236	46.08700313293371	45.62012721852925
81.5	46.17149260984962	45.76417183365481	45.300097197691706
82.0	45.87987786704599	45.47492167533492	45.013565117822424
82.5	45.623533632732375	45.220847536874366	44.76209976683678
83.0	45.403796903590354	45.00326511153343	44.54699251195953
83.5	45.22173194918367	44.8232191149083	44.36926575927201
84.0	45.07813944335298	44.681492590466725	44.229682454497095
84.5	44.97356618979166	44.57861676246936	44.12875607778025
85.0	44.90831495587742	44.51488095446402	44.06676065540752
85.5	44.882454006762444	44.4903421698466	44.043740390303846
86.0	44.89582601306164	44.504834013231466	44.059518596307306
86.5	44.94805609552513	44.55797472118523	44.113705710478555
87.0	45.038558852822796	44.649174153347055	44.205706240312345
87.5	45.16654430436786	44.77763968017809	44.33472458713347
88.0	45.33102275647368	44.94238097982108	44.49976976242049
88.5	45.53080867465201	45.14221382919426	44.69965908551128
89.0	45.764523707155234	45.375763037428214	44.93302101354259
89.5	46.030599063693266	45.64146472658293	45.19829731000691
90.0	46.32727750053665	45.937568211996265	45.493744805625155
90.5	46.65261520459535	46.262137775072034	45.8174370441555
91.0	47.004483897625306	46.613054649292984	46.16726613424692
91.5	47.38057350651683	46.98801956574415	46.54094515293696
92.0	47.778395755816355	47.384556213402014	46.93601145593553
92.5	48.19528904329807	47.80001597441515	47.349831253702874
93.0	48.62842495023738	48.2315842869258	47.77960580672434
93.5	49.07481672346766	48.67628897152491	48.222379575802535
94.0	49.53133003542491	49.1310108295398	48.675050636686315
94.5	49.994696291914764	49.59249678345215	49.13438363090874
95.0	50.461528705739354	50.05737578074548	49.59702547693667
95.5	50.928341296741884	50.522177623623804	50.059524006931944
96.0	51.39157090614875	50.98335481700472	50.518349626077026
96.5	51.84760223616865	51.43730744939584	50.96992001371034
97.0	52.292795837614726	51.880411034335104	51.41062779895242
97.5	52.72351887755627	52.309047149170176	51.83687105365643
98.0	53.13617841957065	52.71963660831717	52.245086344751726
98.5	53.52725685525399	53.10867481431667	52.63178399412344
99.0	53.89334902859968	53.47276883161461	52.9935850955449
99.5	54.23120050310318	53.808675634726775	53.32725974191979
100.0	54.537746345331826	54.11334090658854	53.62976584050244
100.5	54.81014971913405	54.38393767865683	53.89828780552595
101.0	55.04583954456739	54.61790406491737	54.1302743775111
101.5	55.24254642986693	54.81297929240793	54.32347476526327
102.0	55.39833607197817	54.96723721673003	54.475972291475365
102.5	55.51163933914684	55.07911652690682	54.58621473521128
103.0	55.58127827228489	55.147446866721246	54.65304058836185
103.5	55.606487308854014	55.171470164205836	54.67570050138248
104.0	55.586929112423135	55.150856542332406	54.65387328459265
104.5	55.52270450315699	55.085714295603594	54.58767593255435
105.0	55.414356102997964	54.976593537805044	54.47766727055682
105.5	55.262865462636036	54.82448328165743	54.32484497582955
106.0	55.069643588485896	54.630801865669845	54.130635885025825
106.5	54.83651495183566	54.397380810779914	53.89687967241775
107.0	54.56569523141642	54.12644236210695	53.6258061579403
107.5	54.25976319857546	53.82057113294889	53.320006672283455
108.0	53.92162730770741	53.4826804248399	52.98240006547889
108.5	53.55448769149782	53.11597393713658	52.61619408824544
109.0	53.16179436830968	52.7239036891887	52.22484298831241
109.5	52.74720257737009	52.310125087080834	51.81200227124203
110.0	52.31452618696024	51.8784500968752	51.38148160669964
110.5	51.86769018040974	51.432799540852315	50.93719691316358
111.0	51.41068319588843	50.97715551411393	50.483122635219786
111.5	50.947511089258235	50.51551488066858	50.023245172012444
112.0	50.4821523807516	50.05184473874512	49.561518367769985
112.5	50.0185163917142	49.59004064465782	49.10182184181345
113.0	49.56040474048857	49.13388826779468	48.64792283222513
113.5	49.111476733263224	48.68702900701614	48.203442074663045
114.0	48.675219042248685	48.25292994812026	47.771824084838435
114.5	48.25491991081982	47.83485839178491	47.35631206018517
115.0	47.853647973452674	47.435861027475646	46.95992746086745
115.5	47.47423563638387	47.0587476836203	46.58545418527175
116.0	47.11926683620698	46.70607945933808	46.23542712926098
116.5	46.79106887817053	46.38016092748313	45.91212480608292
117.0	46.49170796999184	46.08303601297891	45.61756561809887
117.5	46.22298799383596	45.816487081595994	45.35350730640365
118.0	45.986452016517525	45.58203673343338	45.12144906543863
118.5	45.78338602105463	45.3809517785435	44.922635795525025
119.0	45.61482433606663	45.214248870462896	44.75806396688191
119.5	45.48155626907725	45.082701302919205	44.62848860063872
120.0	45.38413347826162	44.9868465076748	44.53443090523628
120.5	45.32287767844995	44.92699384590915	44.4761861671337
121.0	45.29788832254458	44.90323234645835	44.45383154802287
121.5	45.309049982046346	44.915438111432906	44.46723351787079
122.0	45.356039212112684	44.963281180224804	44.516054716001136
122.5	45.43833075410685	45.04623171275117	44.59976010910342
123.0	45.55520301358429	45.163565425369356	44.71762237997535
123.5	45.70574279663254	45.31436827445617	44.86872654815144
124.0	45.88884936948409	45.49754044869821	45.0519738851862
124.5	46.10323794694908	45.71179978090712	45.26608523819361
125.0	46.34744277603073	45.95568474570526	45.50960392943586
125.5	46.619820014760556	46.22755724536806	45.78089843573426
126.0	46.91855064752692	46.52560542417515	46.078165087952705
126.5	47.24164370060653	46.84784677672367	46.39943105719955
127.0	47.58694004325522	47.192131835051526	46.74255791219646
127.5	47.952117070162274	47.556148729603805	47.10524604254352
128.0	48.334694560520425	47.937428920883995	47.48504024538384
128.5	48.73204200537395	48.33335439241552	47.879336766075184
129.0	49.14138767545223	48.74116657811686	48.285392066652946
129.5	49.55982967821789	49.157977274852826	48.70033357369297
130.0	49.98434921695192	49.58078175398472	49.12117262159319
130.5	50.41182622550968	50.00647424391271	49.54481976505888
131.0	50.839057489154555	50.43186590344436	49.96810258403919
131.5	51.2627773117406	50.85370534421844	50.38778604144189
132.0	51.679680717069246	51.26870169478298	50.80059539225012
132.5	52.08644909732538	51.67355012317499	51.20324156311675
133.0	52.47977814431916	52.064959656818566	51.59244884657175
133.5	52.85640781852543	52.439683058864155	51.96498467269099
134.0	53.213154024946	52.79454843489036	52.31769113571808
134.5	53.546941598444825	53.12649216932491	52.64751787804069
135.0	53.8548381089268	53.43259271149598	52.95155585285569
135.5	54.13408794739394	53.71010466602884	53.22707142030917
136.0	54.38214608743104	53.95649258548892	53.47154017446124
136.5	54.59671088342361	54.169463819085024	53.682679849963904
137.0	54.77575523373278	54.34699974388681	53.85848163317705
137.5	54.9175554258649	54.48738469571151	53.997239182219865
138.0	55.02071701125378	54.589231926210545	54.097574683055925
138.5	55.08419706011279	54.6515059435176	54.158461281849725
139.0	55.107322228004875	54.67354064697805	54.17924129777416
139.5	55.08980211308022	54.65505273784909	54.15963968979587
140.0	55.031737492284144	54.59614997866453	54.099772339291405
140.5	54.933623125955044	54.49733398662292	54.00014882759071
141.0	54.79634493716498	54.35949736495194	53.86166950782516
141.5	54.621171511657565	54.18391511218967	53.68561680858487
142.0	54.409739991533414	53.97223038883744	53.47364084901181
142.5	54.16403658404458	53.726434859282925	53.22773958925226
143.0	53.886372030809724	53.44884396729914	52.950233880200116
143.5	53.57935251794585	53.14206762842836	52.643737906948026
144.0	53.245846606480086	52.808976936005465	52.31112563534859
144.5	52.88894888069608	52.45266758483141	51.95549397940167
145.0	52.51194105775857	52.07642077079485	51.580123462324686
145.5	52.11825137314269	51.68366239477233	51.18843721420842
146.0	51.711413075540285	51.27792141364346	50.783959161517195
146.5	51.29502285772534	50.86278817509459	50.370272256028805
147.0	50.87270002714354	50.44187354744452	49.95097756220992
147.5	50.44804716496388	50.01876959664347	49.52965495920942
148.0	50.02461294636798	49.59701248364801	49.10982613202643
148.5	49.605857698614145	49.18004815847976	48.69492042520429
149.0	49.19512216955254	48.77120131585801	48.28824401778839
149.5	48.79559985177181	48.373647953132895	47.89295275231308
150.0	48.41031309076455	47.99039174806659	47.51202882447308
150.5	48.042093077341	47.624244346847114	47.1482614118961
151.0	47.693563710538314	47.27780953801882	46.80423120563856
151.5	47.367129204664096	46.953471175269755	46.482298695045515
152.0	47.06496522359326	46.653384622296734	46.18459596807021
152.5	46.78901324320792	46.379471412156896	45.913021709523534
153.0	46.540977788142	46.133416759598326	45.66923902761233
153.5	46.32232614260583	45.91666952133665	45.4546756975435
154.0	46.13429011773635	45.730444181753676	45.27052639535312
154.5	45.97786945056458	45.57572443844183	45.117756493940114
155.0	45.85383642527737	45.45326797592109	44.997107009137025
155.5	45.76274133117288	45.36361204367366	44.909100312480355
156.0	45.70491841169204	45.30707949380606	44.85404626796637
156.5	45.680492004803014	45.283784981339565	44.83204849853452
157.0	45.68938262888987	45.29364108367731	44.843010541965214
157.5	45.731312825469054	45.336364153623514	44.88664171403469
158.0	45.80581262794607	45.41147977833425	44.962462554807345
158.5	45.91222458360421	45.51832777445605	45.06980979160952
159.0	46.04970831404769	45.65606670633281	45.20784080841465
159.5	46.21724464859631	45.82367796522598	45.37553766221142
160.0	46.413639415801164	46.01996949562851	45.57171073446752
160.5	46.637527019658926	46.243579297310774	45.795002148009324
161.0	46.88737396495757	46.492978867562655	46.043889114756986
161.5	47.161482524316796	46.766476778424455	46.316687410267974
162.0	47.457994765285086	47.062222606821095	46.611555193331384
162.5	47.77489717087207	47.378211451314264	46.926497404767964
163.0	48.11002609613583	47.71228927833515	47.25937098853102
163.5	48.46107430318305	48.062159341746224	47.607891179675256
164.0	48.82559881292576	48.42538991284299	47.96963909640381
164.5	49.201030294472794	48.79942354362862	48.34207086014682
165.0	49.58468419115064	49.18158806299705	48.722528444410024
165.5	49.9737737528457	49.569109476818866	49.10825242489337
166.0	50.3654251020446	49.9591269014505	49.49639676257865
166.5	50.75669441913984	50.34870961799355	49.88404570941885
167.0	51.14458727767132	50.734876280748935	50.268232873016515
167.5	51.52608010142826	51.114616254519895	50.64596241808921
168.0	51.898143653002286	51.48491299322631	51.01423232056615
168.5	52.25776839627147	51.84276930535046	51.37005952285917
169.0	52.60199150740512	52.185234283411354	51.710506771137936
169.5	52.927925240520345	52.50943160599517	52.03271084526464
170.0	53.232786291317396	52.81258885744449	52.333911828693985
170.5	53.513925734274544	53.092067441708345	52.611482995892
171.0	53.768859066677585	53.345392623511685	52.86296085024252
171.5	53.995295836844974	53.57028317309439	53.08607478735646
172.0	54.19116830983571	53.76468006538157	53.27877583185099
172.5	54.35465859805248	53.92677365736851	53.439263867335875
173.0	54.48422368548157	54.055028768004405	53.56601277835462
173.5	54.57861778317944	54.14820709202961	53.657792929556095
174.0	54.63691148251711	54.20538640878132	53.713690435756256
174.5	54.65850722137516	54.225976093995	53.73312272345282
175.0	54.64315063646159	54.20972850182851	53.71584994429958
175.5	54.59093745918535	54.15674586845228	53.66198188438484
176.0	54.5023156967692	54.06748247466303	53.57198010278525
176.5	54.378082947476614	53.94274191284027	53.44665514012758
177.0	54.219378805515994	53.783669412821006	53.2871587510683
177.5	54.027672428487094	53.591739300139835	53.094971234833686
178.0	53.804745452167076	53.36873777459031	52.871884055505056
178.5	53.5526705514573	53.11674131291732	52.6199780617343
179.0	53.27378605135369	52.83809110655656	52.341597724976985
179.5	52.970667081836915	52.535364036761074	52.03932190834451
180.0	52.64609385547313	52.21134077546951	51.715931765428174
180.5	52.30301770334065	51.86897165737045	51.37437642586043
181.0	51.944525551049566	51.51134101464612	51.017737170140734
181.5	51.57380353610676	51.14163068441461	50.64919081376336
182.0	51.194100467361466	50.763083396979255	50.27197301711042
182.5	50.80869180595618	50.37896672976813	49.88934221201988
183.0	50.42084480617829	49.992538268661306	49.50454479038067
183.5	50.033785389237416	49.60701255043945	49.1207821291946
184.0	49.650667252097094	49.22553028723472	48.74117995119256
184.5	49.27454362033981	48.8511302780001	48.368760421498614
185.0	48.90834195805527	48.48672431457819	48.00641728146751
185.5	48.55484184919635	48.13507528975278	47.656894218877966
186.0	48.21665615685005	47.79877860561408	47.322766563515046
186.5	47.89621547489628	47.480246888361286	47.00642630453794
187.0	47.59575579165357	47.18169792057372	46.71007033097702
187.5	47.317309211685796	46.905145629101355	46.43569172420058
188.0	47.062697502042646	46.65239388769646	46.18507385355874
188.5	46.83352819396803	46.425032859302824	45.959786992952814
189.0	46.63119291839742	46.22443755140526	45.7611871264331
189.5	46.456867639893254	46.0517682455985	45.590416599861896
190.0	46.31151444406667	45.907972454147824	45.44840626913762
190.5	46.19588454009008	45.79378806405437	45.33587880420509
191.0	46.11052215930732	45.709747349695945	45.253352830107374
191.5	46.05576905584458	45.656181560746965	45.20114761282214
192.0	46.031769357761824	45.63322583545947	45.17938804172675
192.5	46.0384745535225	45.64082422597003	45.18800969765552
193.0	46.07564844791944	45.67873467215816	45.22676384573398
193.5	46.14287196873359	45.74653380746556	45.29522223896364
194.0	46.23954775391123	45.843621528857085	45.39278166742547
194.5	46.36490449566253	45.96922530939053	45.51866823396338
195.0	46.51800106261229	46.12240427641686	45.671941381535675
195.5	46.69773046190442	46.30205311894299	45.85149773757588
196.0	46.902823740149415	46.50690592434775	46.05607487709753
196.5	47.13185395323064	46.735540075546815	46.28425513682453
197.0	47.38324036161148	46.98638036608304	46.534469638736674
197.5	47.65525302748782	47.25770351011827	46.80500270076138
198.0	47.9460180040533	47.54764323814273	47.09399682603665
198.5	48.25352331564405	47.8541961776692	47.399458470485925
199.0	48.57562592548958	48.17522871615928	47.71926478663931
199.5	48.91005988466318	48.50848504043685	48.051171538669905
200.0	49.25444584022758	48.85159653137047	48.392822368226184
200.5	49.606302060965206	49.20209267330711	48.74175957187483
201.0	49.963057111852535	49.55741361070286	49.095436523996945
201.5	50.322064275209506	49.91492445146686	49.45123184650315
202.0	50.680617775546004	50.271931375944014	49.806465386341024
202.5	51.03597082040162	50.625699565908654	50.158416017630124
203.0	51.38535541889587	50.973472917542225	50.50434123492894
203.5	51.72600388545884	51.31249544825858	50.84149845013529
204.0	52.055171881558365	51.64003425238839	51.167167850613666
204.5	52.370162787447136	51.95340379995972	51.478676615216465
205.0	52.66835314318189	52.249991319406845	51.7734242308968
205.5	52.94721884154649	52.52728294824715	52.04890859540149
206.0	53.20436170500531	52.78289028429721	52.30275253921458
206.5	53.43753603965266	53.01457693019239	52.53273035923764
207.0	53.64467471430285	53.220284578274104	52.73679390992759
207.5	53.82391429983843	53.3981581688946	52.91309778268187
208.0	53.97361877753572	53.5465696279476	53.06002307587544
208.5	54.092401333905535	53.66413969731717	53.17619926471059
209.0	54.179143762057045	53.74975737381213	53.2605236817358
209.5	54.23301302548122	53.80259650814456	53.3121781539826
210.0	54.25347457187395	53.82212914489159	53.33064237118981
210.5	54.2403020458824	53.80813525005042	53.315703627477966
211.0	54.19358311032449	53.76070852898031	53.26746263364412
211.5	54.113721166283604	53.68025812325574	53.186335184202115
212.0	54.001432847493746	53.56750605872759	53.07304955041303
212.5	53.85774125733461	53.423480412692676	52.92863956498686
213.0	53.68396501053123	53.24950426363771	52.754433464226274
213.5	53.48170324413908	53.04718058868501	52.552038653835154
214.0	53.252816846377705	52.818373364194116	52.32332266116581
214.5	52.9994062503817	52.565185220036746	52.070390628834666
215.0	52.72378620778108	52.28993206956756	51.795559780216514
215.5	52.42845803299516	51.995115214520354	51.50133136466571
216.0	52.11607985251417	51.683391465533916	51.19036063177236
216.5	51.78943543917572	51.35754186706328	50.86542543261848
217.0	51.45140222060467	51.020439621809565	50.52939404995738
217.5	51.10491905892702	50.675017818166374	50.18519286843459
218.0	50.7529543770171	50.32423753998986	49.83577446845722
218.5	50.39847518039848	49.9710569108303	49.48408669880232
219.0	50.044417464228445	49.61840156162801	49.133043217783246
219.5	49.69365844083899	49.26913695806464	48.78549593768142
220.0	49.34899094816323	48.926042945723616	48.444209727577494
220.5	49.01310032517744	48.59179078834117	48.11183964439021
221.0	48.688543942318326	48.268922893012714	47.790910880137105
221.5	48.377733511455375	47.959835329514576	47.48380152457261
222.0	48.08292019854369	47.66676316858241	47.19272816134495
222.5	47.80618250344587	47.391768590138625	46.919734239611614
223.0	47.54941678978556	47.136731642776056	46.666681095792114
223.5	47.31433029881629	46.903343479364125	46.43524144326398
224.0	47.10243643007343	46.69310184875974	46.22689510402306
224.5	46.91505204181916	46.507308589055675	46.04292672344261
225.0	46.75329649817214	46.3470688512916	45.884425192194186
225.5	46.618092184074676	46.213291766692905	45.75228448788578
226.0	46.51016621036454	46.10669228239064	45.64720565808898
226.5	46.430053043584415	46.0277938985502	45.56969967875653
227.0	46.378097814811525	45.97693206167934	45.52009094237334
227.5	46.35446009161602	45.95425799910653	45.49852116250912
228.0	46.359117929725876	45.95974281261446	45.50495351404891
228.5	46.39187205800493	45.993181686594376	45.53917686645257
229.0	46.4523500905713	46.05419810607689	45.60081000735003
229.5	46.54001069744078	46.14224801792511	45.68930579226353
230.0	46.654147707641485	46.25662391110713	45.80395519754904
230.5	46.79389415295603	46.39645882508351	45.94389128844618
231.0	46.95822629739268	46.56073033383025	46.10809315019338
231.5	47.1459677276874	46.74826458119507	46.29538986028206
232.0	47.355793607226765	46.95774047124064	46.50446460619304
232.5	47.586235218849204	47.18769414011771	46.733859076141506
233.0	47.83568493827785	47.43652385157449	46.98197826618386
233.5	48.10240179288785	47.70249547190394	47.24709585902051
234.0	48.38451776545097	47.98374868407592	47.527360336689235
234.5	48.68004500308681	48.27830410229103	47.82080198784673
235.0	48.986884087234536	48.58407144341179	48.125340966935674
235.5	49.30283350549838	48.89885889692882	48.43879654856541
236.0	49.6256004517081	49.220383820719775	48.75889770506301
236.5	49.952813053662496	49.54628486369808	49.0832951094398
237.0	50.28203410158526	49.874135589209914	49.40957463984578
237.5	50.61077631269251	50.20145963665906	49.735272424265034
238.0	50.936519130296126	50.52574742133321	50.05789142768895
238.5	51.25672701245631	50.84447432932252	50.374919540679066
239.0	51.568869118262825	51.15512031750911	50.683849081461275
239.5	51.87044025385573	51.45519078252104	50.98219757743483
240.0	52.15898288895925	51.7422385110635	51.26752964033481
240.5	52.432110012216604	52.01388648116788	51.537479706041566
241.0	52.68752854362197	52.267851233550886	51.78977535928321
241.5	52.92306298256677	52.50196649194784	52.02226092228805
242.0	53.13667893825272	52.71420667879066	52.2329209536099
242.5	53.32650615455636	52.90270993748832	52.41990326687978
243.0	53.49086062624276	53.065800256226794	52.58154106289866
243.5	53.62826538955003	53.202008273962676	52.71637375257456
244.0	53.737469573971794	53.31009035358819	52.82316605224922
244.5	53.81746531160174	53.38904551154303	52.90092493716249
245.0	53.86750212729267	53.438129828569785	52.9489140726576
245.5	53.88709845624245	53.45686798006904	52.966665357781764
246.0	53.87605000613266	53.44506160130862	52.95398729203618
246.5	53.8344347104835	53.40279423053434	52.91096990472334
247.0	53.76261410473322	53.33043265903662	52.83798607308465
247.5	53.66123102055177	53.22862458198354	52.735689121280025
248.0	53.53120357663364	53.09829252781515	52.60500667753675
248.5	53.37371551993952	52.94062412100258	52.44713084526639
249.0	53.190203057623364	52.757058820431624	52.26350483286364
249.5	52.982338395507504	52.54927135265774	52.05580626533722
250.0	52.7520102721918	52.319152133379866	51.82592747617324
250.5	52.50130184591342	52.06878503978634	51.57595314827563
251.0	52.23246634568561	51.800422950967345	51.308135727868724
251.5	51.94790094309035	51.516461518851386	51.02486908076923
252.0	51.6501193313271	51.219411662347646	50.72866089054109
252.5	51.34172351696079	50.91187129539684	50.42210431536101
253.0	51.02537532881194	50.59649679810015	50.10784941796643
253.5	50.70376813860476	50.27597472886281	49.78857487045689
254.0	50.379599257829895	49.95299424426014	49.46696040305196
254.5	50.05554344160555	49.63022065798583	49.14566042873529
255.0	49.73422787239105	49.3102705111306	48.82727921523447
255.5	49.41820894439104	48.99568847238555	48.51434792026843
256.0	49.109951102427914	48.68892631874297	48.20930373681035
256.5	48.81180791633505	48.392324173409484	47.91447132007887
257.0	48.526005508759866	48.10809411382122	47.63204660337574
257.5	48.25462838104588	47.83830618908669	47.36408303588712
258.0	47.99960762047398	47.58487682453285	47.11248021376758
258.5	47.76271141519842	47.34955953445272	46.87897481952219
259.0	47.54553774984542	47.1339378109351	46.665133731881966
259.5	47.34950911975248	46.93942002243459	46.47234913482575
260.0	47.17586906606436	46.76723612059861	46.30183542015819
260.5	47.02568031629222	46.61843593706529	46.15462766207209
261.0	46.8998243036823	46.49388884144689	46.03158143255249
261.5	46.79900183775801	46.39428453159965	45.93337372733343
262.0	46.72373470599542	46.32013473547514	45.860504780988904
262.5	46.6743680022702	46.27177562021286	45.81330056694844
263.0	46.651072997638806	46.24937072455671	45.791915799103705
263.5	46.65385039737369	46.252914259406275	45.796337280918934
264.0	46.68253385566443	46.2822346490849	45.82638747595835
264.5	46.736793653088505	46.33699821975354	45.88172820785644
265.0	46.81614047305688	46.416712972652654	45.96186442902873
265.5	46.919929247620054	46.52073241374696	46.06614803120335
266.0	47.04736307336257	46.6482594421383	46.19378170189629
266.5	47.19749722758734	46.79835032840744	46.34382285911513
267.0	47.36924334196426	46.969918841254966	46.51518772401689
267.5	47.561373812695365	47.161740602485935	46.70665561276633
268.0	47.772526546900046	47.372457770837265	46.91687354897192
268.5	48.001210158219585	47.60058416843528	47.14436131120054
269.0	48.24580973600368	47.84451097480259	47.38751704147512
269.5	48.50459331415923	48.102513116056855	47.64462354354816
270.0	48.775719173531186	48.372756481457486	47.91385540233616
270.5	49.057244094008624	48.653306087927405	48.19328704837202
271.0	49.34713267510762	48.94213530865081	48.480901882243856
271.5	49.64326781830565	49.23713626230214	48.77460255788457
272.0	49.943462448582835	49.53613144031402	49.07222250294082
272.5	50.2454725255857	49.83688662433352	49.37153872952369
273.0	50.54701136504771	50.13712511566698	49.670285959651395
273.5	50.84576525699979	50.43454326492992	49.96617205412517
274.0	51.13941033235973	50.72682725487652	50.25689470023682
274.5	51.42563058743014	51.011671047314906	50.540159270777515
275.0	51.70213693860683	51.28679536835118	50.81369773025971
275.5	51.966687136516875	51.549967561735045	51.075288419215234
276.0	52.21710633132876	51.79902210353593	51.3227765113311
276.5	52.45130803984487	52.031881529208384	51.55409489491149
277.0	52.66731523751612	52.246577496330474	51.76728520210208
277.5	52.86328126214676	52.441271669556166	51.96051867227414
278.0	53.037510197948556	52.61427609537638	52.13211651588569
278.5	53.18847639181084	52.76407271741181	52.280569428003794
279.0	53.314842745584926	52.88933167384943	52.40455589086441
279.5	53.415477430621266	52.98892802092714	52.50295890660141
280.0	53.489468681334145	53.06195653643206	52.57488081098959
280.5	53.536137346734286	53.107744279252195	52.61965584071443
281.0	53.555046909308516	53.12586061130859	52.636860157281944
281.5	53.54601071921746	53.116124426973165	52.62631906932505
282.0	53.50909624341836	53.07860838716981	52.5881112477448
282.5	53.44462618295099	53.01364000949474	52.52256978291024
283.0	53.35317637429219	52.92179952908416	52.4302799975921
283.5	53.23557045642169	52.80391451168494	52.31207399642836
284.0	53.0928713549327	52.66105127098672	52.169022005433405
284.5	52.92636969897318	52.49450320761771	52.00242062056785
285.0	52.73756935908031	52.30577626071619	51.81377815958375
285.5	52.52817035011508	52.096571719732616	51.604797368965514
286.0	52.30004940222928	51.86876670352573	51.377355797580286
286.5	52.05523854891522	51.6243926605555	51.13348419662897
287.0	51.79590212255265	51.365612285307215	50.87534334602686
287.5	51.5243125675873	51.09469526577766	50.60519972781363
288.0	51.24282550390541	50.813993298905515	50.325400487995026
288.5	50.95385447023111	50.52591480735718	50.03834812460825
289.0	50.65984577156628	50.232899784460365	49.74647533182281
289.5	50.363253830171764	49.93739516858085	49.45222040303822
290.0	50.06651741356075	49.64183112092463	49.15800356798688
290.5	49.772037064395654	49.34859853117993	48.866204587263596
291.0	49.482154016807	49.06002803388311	48.57914188523766
291.5	49.199130825517116	48.778370759648915	48.29905344269352
292.0	48.925133879380375	48.50578098838439	48.02807961212344
292.5	48.662217911307934	48.244300814333904	47.768247961042036
293.0	48.412312562447305	47.99584687473116	47.52146019019685
293.5	48.17721100199251	47.762199139959876	47.28948111927899
294.0	47.95856055648214	47.544991714325825	47.07392968425713
294.5	47.75785525959543	47.34570555436745	46.87627184849014
295.0	47.576430197060155	47.165662975798156	46.697815294992765
295.5	47.41545749520011	47.00602379381307	46.53970573941702
296.0	47.275943780353316	46.86778292231585	46.402924688894224
296.5	47.1587289276505	46.75176924782374	46.28828845794917
297.0	47.06448591288676	46.65864559078172	46.19644825411225
297.5	46.99372158602531	46.588909572091495	46.12789114969462
298.0	46.94677819558179	46.54289521375421	46.0829417685943
298.5	46.92383550898856	46.520775119006494	46.06176453369326
299.0	46.92491339434605	46.522563097897695	46.06436634159774
299.5	46.949874752918	46.54811712845665	46.090599555538525
300.0	46.998428716944666	46.59714256930997	46.140165234226956
300.5	47.07013405522182	46.6691955663005	46.21261653877998
301.0	47.16440275375261	46.763686623145425	46.30736229140892
301.5	47.28050376783766	46.879884332067654	46.42367068110271
302.0	47.417566964160834	47.01691928491539	46.560673138954236
302.5	47.574587293665196	47.173788206182124	46.717368425421434
303.0	47.750429258303996	47.3493583720171	46.89262699466541
303.5	47.943831746581424	47.54237239091626	47.08519571261247
304.0	48.15341332973856	47.751453438722116	47.2937030220995
304.5	48.37767811491882	47.97511104497581	47.51666465309759
305.0	48.61502225826865	48.21174753424605	47.75248998243284
305.5	48.8637412401755	48.45966522543164	47.99948914656029
306.0	49.12203799868408	48.71707448587763	48.25588100555979
306.5	49.38803201024154	48.98210272990114	48.51980204827326
307.0	49.6597693902416	49.25280443579461	48.789316314304145
307.5	49.935234070318366	49.5271722386745	49.06242639097453
308.0	50.2123600856646	49.803149133850496	49.33708552132185
308.5	50.48904498026119	50.07864179972329	49.61121083349849
309.0	50.76316430984302	50.3515350212527	49.88269767396779
309.5	51.032587190211586	50.619707162982486	50.14943499497446
310.0	51.295192804059596	50.88104660589451	50.40932171194222
310.5	51.54888774914546	51.13346903211591	50.66028391603987
311.0	51.79162407254946	51.374935403218004	50.90029278886489
311.5	52.02141780455861	51.60347044636306	51.12738303419638
312.0	52.2363677734715	51.81718143005678	51.3396716092589
312.5	52.43467445694181	52.01427698513154	51.535376510951025
313.0	52.614658598628644	52.1930856995781	51.71283534554189
313.5	52.77477930206256	52.352074198215654	51.87052339176972
314.0	52.9136513029911	52.48986440738187	52.00707085624756
314.5	53.03006111347212	52.60524969629652	52.12127901102686
315.0	53.122981734876944	52.69720959033459	52.212134906266925
315.5	53.191585647848086	52.764922762102714	52.27882436158396
316.0	53.2352558058462	52.807778024588046	52.320742957632056
316.5	53.253594385323645	52.82538307708975	52.337504775596294
317.0	53.246429080616075	52.81757078989219	52.32894866915131
317.5	53.21381677400076	52.78440285625268	52.29514189392275
318.0	53.15604445759571	52.72617068697914	52.236380969527815
318.5	53.07362733786182	52.64339347750752	52.15318970227399
319.0	52.967304108507676	52.53681343329611	52.04631435489503
319.5	52.83802943649244	52.407388198761616	51.9167160088686
320.0	52.68696376138969	52.2562805915655	51.765560223320236
320.5	52.515460567319316	52.084845803527045	51.59420415374727
321.0	52.32505133559355	51.894616279193755	51.40418134543497
321.5	52.11742843865404	51.68728453623766	51.19718446943462
322.0	51.89442626895255	51.46468422413075	50.975046301196784
322.5	51.65800093586149	51.228769759321644	50.73971928549178
323.0	51.41020888253055	50.981594891420016	50.493254045365205
323.5	51.153184789040786	50.72529057053171	50.237777209857626
324.0	50.8891191325851	50.46204248957526	49.97546893707478
324.5	50.62023576738281	50.194068666105295	49.70854049988034
325.0	50.34876987055267	49.9235974116371	49.4392122837557
325.5	50.076946575650425	49.65284601031645	49.16969251898993
326.0	49.80696058229644	49.38400039549649	48.90215703564117
326.5	49.540956990117884	49.11919607053028	48.63873028549156
327.0	49.28101356425072	48.86050047978346	48.381467835381066
327.5	49.02912458787959	48.609896982054465	48.13234048038977
328.0	48.78718641330361	48.369270535012454	47.893220082077974
328.5	48.55698477410024	48.14039514966106	47.66586718669024
329.0	48.34018387492243	47.92492312769929	47.451920432026135
329.5	48.13831723429059	47.72437605355374	47.25288771058967
330.0	47.952780219080715	47.54013747632628	47.07013902035334
330.5	47.784824177879294	47.373447185503125	46.90490090317329
331.0	47.6355520560027	47.22539696086076	46.758252348706506
331.5	47.50591535685284	47.096927658397426	46.63112202214021
332.0	47.39671230315536	46.988827484674545	46.524286667437494
332.5	47.308587047702375	46.90173130729564	46.4383705309343
333.0	47.24202978383739	46.836120851317524	46.37384565525042
333.5	47.197377614798974	46.79232564020522	46.33103290120364
334.0	47.17481604903556	46.7705245484386	46.31010356510707
334.5	47.174381010622874	46.77074785520854	46.31108148102584
335.0	47.195961265927906	46.79287970089825	46.333845510624954
335.5	47.23930119268715	46.836660873224986	46.37813234807249
336.0	47.30400383782015	46.90169187020868	46.44353958827218
336.5	47.38953423277696	46.98743620964735	46.52952902911113
337.0	47.49522295634348	47.09322397595168	46.6354301995949
337.5	47.62026995683347	47.21825561712311	46.76044412770407
338.0	47.763748661152455	47.361606020274905	46.90364737736572
338.5	47.9246104189704	47.52222891467295	47.063996404381264
339.0	48.10168933955691	47.698961660695794	47.2403322906506
339.5	48.2937075918971	47.890530495985296	47.431385928735764
340.0	48.49928124485983	48.0955563163169	47.635783735216016
340.5	48.71692672743292	48.31256107185138	47.852053973902805
341.0	48.945067988787265	48.53997485932277	48.07863377096568
341.5	49.18204443405564	48.776143786651765	48.31387689846795
342.0	49.42611970150136	49.019338676636046	48.55606239453416
342.5	49.67549133809728	49.26776466742359	48.803404078485364
343.0	49.92830141107715	49.51957174834363	49.05406100062526
343.5	50.18264807757321	49.772866254208424	49.306148850835505
344.0	50.436598108878734	50.02572331553048	49.55775232478296
344.5	50.68820034399009	50.276200240556214	49.806938424620405
345.0	50.935500018626925	50.522350776223796	50.05177064262251
345.5	51.17655388840877	50.76224016778796	50.29032394856222
346.0	51.40944603523203	50.9939609070888	50.52070047188631
346.5	51.632304220519075	51.2156490338725	50.74104574393688
347.0	51.84331661325744	51.42550081868873	50.94956532939794
347.5	52.040748705710214	51.62178964056437	51.14454166060169
348.0	52.2229601976682	51.8028828403188	51.324350855344925
348.5	52.38842161520481	51.96725831527063	51.487479283928856
349.0	52.53573041366851	52.113520604383055	51.63253963356257
349.5	52.663626305955454	52.24041620390296	51.75828620913227
350.0	52.771005553180125	52.346847849509906	51.86362920484544
350.5	52.85693395784805	52.43188750316774	51.94764768328055
351.0	52.92065830949644	52.49478779343593	52.00960100854988
351.5	52.96161604978935	52.53499167410945	52.048938496487054
352.0	52.979442947366245	52.552140089487075	52.06530706797864
352.5	52.97397860281851	52.546077465542936	52.05855672303136
353.0	52.94526963933539	52.51685488066163	52.028743687477544
353.5	52.89357047662013	52.46473081268749	51.976131128048564
354.0	52.81934162932967	52.39016940299627	51.90118737589479
354.5	52.723245519702935	52.29383622716632	51.804581648112645
355.0	52.60613984223353	52.17659161078466	51.68717730662362
355.5	52.46906856823806	52.039481579403	51.55002274476891
356.0	52.31325072407535	51.88372657812683	51.39434003919569
356.5	52.14006712412658	51.71070814427508	51.22151155306736
357.0	51.95104527717413	51.5219537544013	51.033064715035756
357.5	51.74784271860825	51.319120100994056	50.83065523255042
358.0	51.53222905274877	51.10397508621646	50.61604903044828
358.5	51.30606700556095	50.87837883587692	50.39110322125205
359.0	51.07129280279675	50.64426405137589	50.157746428097354
359.5	50.82989618879325	50.403616017170634	49.9179587803614
360.0	50.58390040516509	50.158452584766856	49.6737519051005
360.5	50.33534242015204	49.91080442513677	49.427149207203
361.0	50.08625369612462	49.66269583748225	49.18016672701772
361.5	49.838641744419846	49.41612636334654	48.934794823687184
362.0	49.59447269078729	49.17305342826585	48.6929809055304
362.5	49.35565503477812	48.935376192779486	48.45661338724543
363.0	49.124024749149626	48.70492075674454	48.227507015477066
363.5	48.90133182567595	48.48342682075797	48.0073896635644
364.0	48.68922833279863	48.27253586731955	47.79789065484062
364.5	48.489258012900535	48.073780886502114	47.60053063583704
365.0	48.302847411206706	47.888577635158	47.41671298491316
365.5	48.131298496057134	47.718217386452906	47.247716709889396
366.0	47.97578270365735	47.563861100417235	47.09469076227902
366.5	47.83733631920569	47.42653492438156	46.95864967426244
367.0	47.71685708661034	47.30712691440772	46.840470407277714
367.5	47.6151019331784	47.206384861733206	46.740890294409105
368.0	47.532685685162164	47.124915099139955	46.6605059500012
368.5	47.47008065331912	47.063182165650254	46.59977302416596
369.0	47.42761697055939	47.02150921094838	46.55900668286854
369.5	47.40548357225247	47.00007903011863	46.53838270417907
370.0	47.40372972252516	46.99893563205005	46.53793909410529
370.5	47.42226700381933	47.01798625917258	46.55757814015383
371.0	47.46087170311073	47.05700379232209	46.597068836940885
371.5	47.51918754728838	47.11562949407162	46.656049638023696
372.0	47.59672875596165	47.19337605925195	46.73403150338106
372.5	47.6928834002905	47.28963096217871	46.830401233007905
373.0	47.80691707141936	47.40366010485795	46.944425091700126
373.5	47.93797687816904	47.53461178674549	47.07525274659663
374.0	48.08509580831442	47.681521030483005	47.22192155238834
374.5	48.24719749710665	47.84331430900319	47.38336123090304
375.0	48.42310145756494	48.0188147283091	47.55839899969846
375.5	48.61152883074314	48.206747725250125	47.74576520999021
376.0	48.8111087193753	48.40574734427965	47.944099558575566
376.5	49.020385163873094	48.61436315283962	48.15195793421074
377.0	49.2378248206658	48.83106785604588	48.367819959887626
377.5	49.46182539136117	49.05426565998547	48.59009728118805
378.0	49.690724842903556	49.282301424500965	48.81714264243964
378.5	49.9228114448412	49.51347063244133	49.04725977866589
379.0	50.15633463310353	49.746030185631945	49.278714134485476
379.5	50.38951669120135	49.97821001945279	49.50974440290007
380.0	50.62056521853079	50.20822550650078	49.73857485548551
380.5	50.847686331978935	50.43429059641262	49.963428412015496
381.0	51.06909852394912	50.65463161599122	50.18254037461221
381.5	51.28304707555013	50.86750162901016	50.39417272702607
382.0	51.48781889870746	51.07119522987651	50.59662887268467
382.5	51.68175765857534	51.264063623220274	50.78826866594352
383.0	51.86327900570099	51.444529819295326	50.96752356516981
383.5	52.030885728073834	51.611103754829024	51.13291171793227
384.0	52.18318261898508	51.76239713537665	51.283052773988715
384.5	52.31889084158399	51.89713777939079	51.41668220563038
385.0	52.436861568153596	52.0141832413388	51.53266491184687
385.5	52.53608866514086	52.11253348380451	51.63000787519971
386.0	52.61572020237968	52.19134237575675	51.707871646695686
386.5	52.67506857191428	52.24992780131049	51.765580442408364
387.0	52.713619016442514	52.28778017726863	51.80263064753118
387.5	52.731036388529226	52.30456919917501	51.818697546614295
388.0	52.727169990404825	52.30014866501989	51.81364012754846
388.5	52.702056365109414	52.27455924539494	51.78750382682565
389.0	52.655919963266804	52.22802912430468	51.74052113963867
389.5	52.58917162388072	52.16097244878078	51.6731100323177
390.0	52.50240487055875	52.07398558732	51.58587015748085
390.5	52.39639005073587	51.96784122784346	51.47957690321051
391.0	52.272066395614715	51.84348039118052	51.35517335277486
391.5	52.13053211557105	51.7020024780174	51.21376027577894
392.0	51.973032683588016	51.54465350303103	51.056584305530855
392.5	51.800947495473785	51.372812707205114	50.885024496326935
393.0	51.615775122773506	51.18797776663613	50.700577481988304
393.5	51.41911739942705	50.991748841202	50.504841481349295
394.0	51.21266260338913	50.785811726752854	50.29949941748627
394.5	50.99816799875921	50.57192037840749	50.08630142000619
395.0	50.77744201502305	50.35187908356547	49.86704699214254
395.5	50.552326332910454	50.12752455536833	49.64356711377725
396.0	50.324678136700555	49.900708207546955	49.41770654348787
396.5	50.09635277856701	49.673278856526515	49.19130656497759
397.0	49.86918707604921	49.44706607167212	48.96618839901191
397.5	49.64498344075279	49.223864371074846	48.74413747730832
398.0	49.42549500374624	49.00541842706453	48.52688874072421
398.5	49.21241187227886	48.79340941434155	48.31611309310766
399.0	49.00734861913352	48.58944260004792	48.11340510752384
399.5	48.81183307166028	48.395036240393374	47.92027204666908
400.0	48.62729643537722	48.21161181641768	47.73812422755927
400.5	48.45506475689929	48.04048561106698	47.56826672947956
401.0	48.2963517035107	47.882861602452174	47.4118924176198
401.5	48.152252612154214	47.73982562388904	47.27007623004259
402.0	48.023739742539256	47.61234072325781	47.143770658502056
402.5	47.911658652478934	47.501243638096	47.03380233733829
403.0	47.81672560376842	47.407242293207446	46.94086964561886
403.5	47.73952590111102	47.33091422218783	46.86554122263625
404.0	47.68051306464166	47.27270581254015	46.80825529550635
404.5	47.640008739536796	47.232932277428304	46.76931972148101
405.0	47.61820325079807	47.211778261683406	46.74891265177189
405.5	47.615156722802354	47.20929900192481	46.74708373759494
406.0	47.6308006907421	47.22542196797343	46.763755805262804
406.5	47.66494014781231	47.25994892966471	46.79872694493947
407.0	47.71725598436478	47.312558405862895	46.85167297042668
407.5	47.787307788151026	47.382808465402576	46.92215022046363
408.0	47.87453699370936	47.47013986835249	47.009598690535874
408.5	47.97827037792566	47.57387954569027	47.11334549395772
409.0	48.09772391595663	47.69324443178259	47.2326086674459
409.5	48.232007019067204	47.827345672175696	47.36650134447177
410.0	48.3801271891321	47.975193241917374	47.51403633218829
410.5	48.54099512829725	48.13570101362772	47.674131132025394
411.0	48.71343034899601	48.30769232117134	47.84561345042387
411.5	48.89616733212809	48.48990606720422	48.02722724877154
412.0	49.087862277220204	48.68100341936872	48.21763937809875
412.5	49.28710048960668	48.879575140452815	48.41544684421664
413.0	49.492404439018955	49.08414958797893	48.6191847403808
413.5	49.70224251715947	49.29320141122283	48.82733487532438
414.0	49.91503850970394	49.5051609620725	49.03833511447231
414.5	50.12918178336235	49.71842442094913	49.250589436440386
415.0	50.34303817366471	49.93136462429411	49.462478691848915
415.5	50.554961538217164	50.142342559638806	49.67237203246244
416.0	50.763305925775946	50.349719477847295	49.87863895834795
416.5	50.96643828577205	50.55186955006592	50.079661915328074
417.0	51.1627516250746	50.747192975025506	50.27384934582676
417.5	51.35067849945155	50.93412942530279	50.45964908356504
418.0	51.52870470485525	51.11117169817996	50.635561958384464
418.5	51.695383018750036	51.27687942114843	50.80015546086581
419.0	51.84934682319953	51.42989264408313	50.95207729867207
419.5	51.989323431804685	51.56894513978165	51.09006866725712
420.0	52.11414692805985	51.69287722006036	51.21297703982592
420.5	52.22277032709029	51.80064787876604	51.319768288647616
421.0	52.31427685612976	51.89134605625275	51.40953793081983
421.5	52.38789016859504	51.96420083922133	51.481521311153735
422.0	52.44298330415606	52.01859040716488	51.53510253226002
422.5	52.47908622454926	52.0540495543259	51.56982196004537
423.0	52.49589177340039	52.070275634037486	51.58538214945379
423.5	52.493259928649785	52.067132793353196	51.58165205780874
424.0	52.471220243938916	52.04465439328352	51.558669439953306
424.5	52.42997240651188	52.003043542007845	51.51664135235761
425.0	52.36988486874754	51.94267169757362	51.45594272243348
425.5	52.291491549097614	51.86407533581327	51.37711297668078
426.0	52.19548662977187	51.76795071201607	51.28085076152916
426.5	52.08271751748879	51.655146782800415	51.16800681973101
427.0	51.9541760671487	51.526656389376534	51.0395751273667
427.5	51.81098819708728	51.38360583275768	50.8966824217567
428.0	51.65440206182786	51.22724300761193	50.74057629236956
428.5	51.4857749639391	51.05892427950138	50.57261201746204
429.0	51.306559215311154	50.88010031666605	50.39423836273267
429.5	51.11828716791738	50.69230109890271	50.20698256553368
430.0	50.922555649664176	50.49712034047624	50.012434743756664
430.5	50.72101003792094	50.29619956153731	49.81223196549027
431.0	50.51532820792739	50.091212045990126	49.60804221871837
431.5	50.307204580274174	49.883846911007	49.401548507077614
432.0	50.09833448315821	49.67579350405295	49.19443328759926
432.5	49.89039902411466	49.46872632214908	48.988363445502436
433.0	49.68505064621944	49.26429062737708	48.78497597864317
433.5	49.4838995180763	49.06408890759596	48.585864539966906
434.0	49.288500881730315	48.86966830428681	48.39256695792497
434.5	49.100343452327124	48.68250910048907	48.20655382601552
435.0	48.920838936967705	48.504014333746156	48.029218224137736
435.5	48.751312712460106	48.33550057216027	47.86186660753652
436.0	48.59299567384682	48.17818986314074	47.70571087066446
436.5	48.44701724532155	48.033202844533974	47.561861572995205
437.0	48.31439952208442	47.90155298465947	47.43132229154205
437.5	48.196052493856776	47.7841419002964	47.31498504679167
438.0	48.09277028938391	47.68175569034905	47.21362673817279
438.5	48.00522836940348	47.59506221139293	47.12790651371249
439.0	47.93398159040316	47.52460921624229	47.05836399390374
439.5	47.8794630585564	47.47082327437179	47.005418267607844
440.0	47.84198369475926	47.434009394327596	46.96936757967156
440.5	47.821732434601614	47.414351271756004	46.95038963339873
441.0	47.81877699509283	47.41191209478182	46.948542439665786
441.5	47.833065147043555	47.42663584565307	46.96376565154602
442.0	47.86442644306633	47.458349048879214	46.995882335035034
442.5	47.91257436286716	47.50676292784895	47.044601138222966
443.0	47.97710884759004	47.57147594209803	47.10951883154476
443.5	48.05751920849389	47.65197669107048	47.19012320569825
444.0	48.153187406753354	47.7476471815155	47.285796324525926
444.5	48.26339170924171	47.857766464170304	47.39581813978713
445.0	48.38731073696001	47.98151465674997	47.51937048494087
445.5	48.524027930572494	48.117977378384374	47.65554147400038
446.0	48.67253646138633	48.26615062441259	47.803330335007324
446.5	48.83174462167292	48.42494611594286	47.96165271305021
447.0	49.00048172883073	48.59319715935844	48.129346478878354
447.5	49.17750457798253	48.769665050903264	48.30517807878789
448.0	49.3615044736802	48.953046057663244	48.48784945782771
448.5	49.55111486641011	49.14197900124958	48.67600558337444
449.0	49.74491961123779	49.3350534622077	48.86824258779787
449.5	49.94146185539736	49.53081861259417	49.0631165384517
450.0	50.13925355141925	49.72779267403455	49.259152833046485
450.5	50.33678557591267	49.92447298204031	49.45485620205238
451.0	50.53253842043022	50.11934662367548	49.64872128573328
451.5	50.72499340311712	50.31090159796296	49.8392437363429
452.0	50.91264433456093	50.49763843298523	50.02493177957644
452.5	51.09400955102717	50.67808217343757	50.204318150143024
453.0	51.26764421448547	50.850794638411216	50.375972301369025
453.5	51.432152758201	51.014386828516926	50.538512768368136
454.0	51.58620134673192	51.16753135132623	50.69061955396197
454.5	51.72853020179388	51.308974716618394	50.83104638883018
455.0	51.857965637347206	51.437549344584696	50.95863270875517
455.5	51.97343163833951	51.55218512110898	51.07231518287732
456.0	52.07396081372509	51.651920330243684	51.171138622244655
456.5	52.1587045538226	51.7359117933025	51.25426609761853
457.0	52.22694222382817	51.80344404563268	51.320988096524
457.5	52.27808923489053	51.85393739162037	51.37073055934277
458.0	52.3117038452861	51.88695468965416	51.40306164499518
458.5	52.32749255660141	51.90220673110088	51.41769708953464
459.0	52.32531399352953	51.89955610114543	51.41450404453268
459.5	52.305181176445075	51.87901943007925	51.39350330334708
460.0	52.26726212126085	51.84076796919309	51.35486984860757
460.5	52.211878730196915	51.78512645457769	51.298931684561815
461.0	52.139503966047165	51.71257025159791	51.226166946982154
461.5	52.050757333300844	51.62372080408438	51.13719931481716
462.0	51.946398720009896	51.51933944227821	51.03279177918097
462.5	51.82732068394247	51.40031963454652	50.91383885507485
463.0	51.69453929472419	51.267677795450396	50.78135735041267
463.5	51.54918366848345	51.1225427883152	50.63647583172691
464.0	51.3924843545856	50.96614428328497	50.48042294938774
464.5	51.22576075363261	50.799800151545256	50.31451480511245
465.0	51.050407755915515	50.62490308661463	50.14014155387899
465.5	50.86788180309204	50.44290665674625	49.95875344619205
466.0	50.67968657955561	50.25531099625021	49.771846520090044
466.5	50.48735853576648	50.063648338476895	49.580948146077546
467.0	50.29245244698938	49.86946859538741	49.387602631194824
467.5	50.096527193159964	49.674325168901696	49.193357067391105
468.0	49.90113193864043	49.479761173106304	48.99974760316791
468.5	49.70779286927859	49.28729622406815	48.80828629470865
469.0	49.51800062448156	49.09841393432137	48.62044867255257
469.5	49.33319854093917	48.914550227310094	48.437662137829925
470.0	49.15477180000997	48.73708256266222	48.26129527724703
470.5	48.9840375473648	48.56732013906236	48.09264816185681
471.0	48.822236029756766	48.40649511812281	47.93294367098
471.5	48.670522771752246	48.25575489016111	47.78331986019787
472.0	48.52996179383356	48.11615538165505	47.644823371231944
472.5	48.40151985548328	47.98865538610019	47.5184038633609
473.0	48.286061690109015	47.874111883978586	47.40490943054381
473.5	48.1843461874593	47.77327630566344	47.305082956301916
474.0	48.09702346721798	47.68679167999286	47.219559347834654
474.5	48.02463278390397	47.61519060759591	47.14886358730207
475.0	47.96760119664482	47.558893991736085	47.09340953218305
475.5	47.926242936547354	47.51821045891445	47.0534993963504
476.0	47.9007594129077	47.493336410010045	47.029323852218525
476.5	47.89123979442911	47.48435663813102	47.02096269000937
477.0	47.897662114013535	47.49124546144167	47.02838598232973
477.5	47.919894851555114	47.5138683258948	47.0514557092672
478.0	47.95769895777331	47.551983840902935	47.08992780724091
478.5	48.0107302915625	47.60524622080944	47.143454614907185
479.0	48.078542452093274	47.67320811384885	47.211587698269035
479.5	48.16058999729927	47.755323810693476	47.293781047657575
480.0	48.256232046677695	47.85095283096884	47.3893946454277
480.5	48.36473627657039	47.959363896467764	47.49769841391501
481.0	48.48528331926675	48.07973930283598	47.61787655571421
481.5	48.61697158498086	48.211179709482465	47.74903230685863
482.0	48.75882252506442	48.35270936655695	47.89019312256681
482.5	48.909786360386285	48.5032818034055	48.04031632008301
483.0	49.06874829343436	48.66178599780779	48.198295199052026
483.5	49.23453522284763	48.827053045115804	48.3629656589422
484.0	49.40592297331411	48.997863340946445	48.533113327976025
484.5	49.581644046519145	49.17295428358917	48.70748121030885
485.0	49.76039589048807	49.35102849423758	48.88477785032745
485.5	49.940849674313775	49.53076254250461	49.06368600208642
486.0	50.121659545062535	49.71081615465616	49.242871782235135
486.5	50.30147232804219	49.88984186641032	49.42099426866806
487.0	50.47893762148138	50.06649507162188	49.59671549692416
487.5	50.652718218574314	50.23944440085438	49.76871078911312
488.0	50.82150078037245	50.407382352938015	49.93567933846034
488.5	50.98400666670888	50.56903608788113	50.09635495874617
489.0	51.13900282006019	50.72317827569842	50.249516893200806
489.5	51.28531258533146	50.86863788454066	50.39400056632131
490.0	51.42182634103496	51.00431078351206	50.52870815423666
490.5	51.547511807438326	51.129170025649245	50.65261883871187
491.0	51.66142389349657	51.24227567261489	50.764798606193935
491.5	51.76271394082219	51.342784019017316	50.864409449334026
492.0	51.85063822843377	51.429956079523	50.950717833597785
492.5	51.924565598549194	51.50316519861384	51.02310228817833
493.0	51.98398407852328	51.56190365731251	51.08105999487846
493.5	52.028506381048345	51.60578815850435	51.1242122558462
494.0	52.05787418006677	51.63456408764142	51.15230873625395
494.5	52.071961074228106	51.64810846008781	51.16523039263835
495.0	52.07077417672609	51.64643149358609	51.16299102485699
495.5	52.054454279379094	51.629676753419425	51.145737398958616
496.0	52.02327457463373	51.59811985379599	51.11374792438985
496.5	51.97763793610642	51.55216571610005	51.06742988616123
497.0	51.91807278496243	51.492344411894486	51.007315260719345
497.5	51.84522759248018	51.41930564112568	50.9340551657128
498.0	51.759864096726346	51.33381192453182	50.848413024424424
498.5	51.66284932473817	51.236730602267734	50.7512565371708
499.0	51.55514654049294	51.12902476020354	50.643548582647696
499.5	51.43780524931868	51.01174321554993	50.5263371823039
500.0	51.3119504041082	50.88600970827768	50.40074467485173
500.5	51.17877097042288	50.75301145682439	50.267956261300746
501.0	51.039508012695016	50.613987240403226	50.12920808357712
501.5	50.89544246539197	50.47021517408004	49.9857750041725
502.0	50.747882753259105	50.32300034010601	49.83895825100368
502.5	50.598152417728116	50.17366243362377	49.690073085717444
503.0	50.447577900781	50.02352357439834	49.54043664791998
503.5	50.29747662483817	49.873896422555035	49.39135611273909
504.0	50.14914549087773	49.72607272085885	49.244117284226085
504.5	50.0038499082619	49.58131237586302	49.099973735919505
505.0	49.8628134446194	49.44083316601496	48.96013658620548
505.5	49.727208173071205	49.30580115230485	48.82576498199731
506.0	49.59814577061796	49.17732184508407	48.6979573445139
506.5	49.476669409129755	49.056432166453384	48.577743413508884
507.0	49.36374645941526	48.944093227830294	48.466077109468266
507.5	49.260262016823944	48.84118392968691	48.363830218245766
508.0	49.16701324180379	48.74849537565636	48.27178688946587
508.5	49.084704497799905	48.6667260821668	48.19063892833156
509.0	49.0139432599474	48.59647795592288	48.12098185158912
509.5	48.95523676155417	48.53825300530561	48.06331167328677
510.0	48.90898934046663	48.49245074680327	48.018022379639284
510.5	48.875500445721826	48.45936626626483	47.98540405252954
511.0	48.8549632650884	48.439188894950405	47.965641600806656
511.5	48.847463935890275	48.4320014623403	47.95881406086028
512.0	48.85298130533259	48.43778009163704	47.9648944320216
512.5	48.8713872126647	48.45639451007998	47.98375001898075
513.0	48.90244727039943	48.48760885126531	48.01514325773703
513.5	48.94582213004501	48.53108293489841	48.05873301132114
514.0	49.00106922448526	48.58637401624905	48.11407632705163
514.5	49.06764498735701	48.65293900577936	48.180630656320524
515.0	49.144907556502275	48.73013716628939	48.25775654437582
515.5	49.23211997542378	48.817233301760496	48.344720804645654
516.0	49.32845391229455	48.91340145774658	48.44070019779791
516.5	49.43299392066846	49.017729157829784	48.54478564045497
517.0	49.544742269404615	49.12922220402037	48.655986971873915
517.5	49.662624369813024	49.24681006952426	48.77323830748704
518.0	49.78549482951839	49.36935191390621	48.89540400987073
518.5	49.91214415818866	49.49564324606144	49.02128530306239
519.0	50.041306147063956	49.62442325771122	49.14962755357739
519.5	50.17166593826736	49.754382843877984	49.279128235146764
520.0	50.30186878980068	49.88417331666599	49.40844558421592
520.5	50.43052953300522	50.01241580991062	49.53620794440039
521.0	50.55624270627489	50.13771135903933	49.66102378495363
521.5	50.6775933352627	50.2586516269212	49.78149236468993
522.0	50.79316831256592	50.373830229461106	49.89621499584555
522.5	50.901568315645626	50.48185459998665	50.00380684744243
523.0	51.00142018194512	50.58135831219	50.10290920865193
523.5	51.09138964370693	50.671013764388356	50.19220211529105
524.0	51.170194306069945	50.749545109129635	50.2704172239488
524.5	51.236616736441924	50.81574129612557	50.33635080184232
525.0	51.289517515002814	50.86846907894703	50.388876683217255
525.5	51.3278480848426	50.90668582355197	50.42695903011022
526.0	51.350663226279345	50.929451943249056	50.44966472205492
526.5	51.357132970242816	50.93594277456668	50.45617518872318
527.0	51.34655376650478	50.92545970968848	50.44579750102301
527.5	51.31835871284695	50.89744039083284	50.41797452519522
528.0	51.27212665839353	50.85146777936816	50.372293952376246
528.5	51.20759000506136	50.78727792324998	50.30849602647429
529.0	51.12464103784659	50.70476625282829	50.226479800032855
529.5	51.02333663770786	50.60399225856606	50.1263077711364
530.0	50.90390125010735	50.48518242342833	50.008208773901686
530.5	50.76672800827353	50.348731309090994	49.87257902175389
531.0	50.61237794828391	50.1952007331764	49.719981240880664
531.5	50.44157727527182	50.02531699727977	49.55114185422621
532.0	50.255212689724125	49.83996617561786	49.36694622676084
532.5	50.05432481226632	49.64018750356106	49.16843201232363
533.0	49.840099788588894	49.42716494892762	48.95678068644444
533.5	49.613859194207286	49.20221708720674	48.7333073878555
534.0	49.3770483927203	48.966785435875565	48.49944922559451
534.5	49.13122353618621	48.72242143784353	48.2567522435308
535.0	48.878037427686316	48.47077231581121	48.00685726574925
535.5	48.619224483272134	48.21356603576673	47.751484862523924
536.0	48.35658505236552	47.95259564013622	47.492419698713206
536.5	48.091969368530606	47.68970322294129	47.23149453763644
537.0	47.827261397013444	47.42676381400531	46.97057416797899
537.5	47.56436284984505	47.16566944297017	46.71153952480917
538.0	47.305177623192385	46.90831363675853	46.456272256290426
538.5	47.05159689305156	46.656576586656776	46.20663997343644
539.0	46.80548508360967	46.41231119712785	45.96448239157414
539.5	46.56866688935269	46.17733019614877	45.73159854215367
540.0	46.34291550130841	45.953394455429226	45.50973520094602
540.5	46.12994215061403	45.74220263156699	45.30057664113425
541.0	45.93138704495294	45.545382201453336	45.1057357821059
541.5	45.74881173708853	45.36448192896018	44.926746768433944
542.0	45.583692928155955	45.20096576344015	44.765058977187934
542.5	45.43741767552837	45.05620813798817	44.6220324193682
543.0	45.31127994558113	44.93149060605217	44.49893447207954
543.5	45.20647842545065	44.827999729239764	44.3969378529286
544.0	45.12411548815342	44.7468261095945	44.3171197285955
544.5	45.06519718905616	44.688964443675076	44.260461834294695
545.0	45.03063416117024	44.655314465571365	44.227851470846005
545.5	45.021243270624055	44.64668264041743	44.220083241028455
546.0	45.03774989243648	44.66378446858601	44.23786138573888
546.5	45.080790669398446	44.70724726364312	44.281802583307076
547.0	45.150916621726516	44.777613273062364	44.352439082501995
547.5	45.24859648354375	44.875343018603324	44.450222046658475
548.0	45.37422015576748	45.00081874637084	44.57552500022322
548.5	45.52810216765068	45.1543478803944	44.72864727286546
549.0	45.71048506774562	45.33616640128279	44.90981736383947
549.5	45.9215426585906	45.5464420656536	45.119196143672404
550.0	46.16138301751467	45.78527740949837	45.356879837449135
550.5	46.43005124814418	46.05271248122028	45.62290273660465
551.0	46.7275319226655	46.3487272652879	45.91723960122197
551.5	47.05375118269165	46.67324376520845	46.23980772251545
552.0	47.40857847537613	47.02612772330905	46.590468623908606
552.5	47.79182790883977	47.40718996191282	46.969029385993245
553.0	48.20325921620337	47.81618733605578	47.37524358632091
553.5	48.6425783213216	48.25282329121475	47.808811848111596
554.0	49.1094375040042	48.71674802449391	48.26938199681572
554.5	49.60343516293783	49.207558247672246	48.756548823527204
555.0	50.12411517564091	49.724796552144745	49.26985345569554
555.5	50.67096585500275	50.267950375510274	49.80878233530911
556.0	51.243418500911154	50.836450568633296	50.37276580371314
556.5	51.8408455437239	51.42966956029869	50.96117629065452
557.0	52.462558273877804	52.04691911400465	51.573326102226105
557.5	53.10780414962761	52.68744766921958	52.20846480058942
558.0	53.77576367169425	53.35043725610641	52.86577616459583
558.5	54.465546809924355	54.03499996903606	53.54437471698605
559.0	55.176188964411594	54.740173981607775	54.24330180110029
559.5	55.906646438927375	55.46491908123406	54.96152118534424
560.0	56.65579140242634	56.208111698882995	55.697914171424785
560.5	57.422406309027274	56.96853940535455	56.45127417730993
561.0	58.20517774720559	57.74489484370666	57.220300765206225
561.5	59.00268968342017	58.53576906393731	58.00359308031689
562.0	59.81341606566978	59.339644224854155	58.799642665030284
562.5	60.63571275197989	60.15488562803333	59.60682561350384
563.0	61.46780872882924	60.979733048447365	60.423394030567934
563.5	62.30779658837462	61.8122913300192	61.24746676249996
564.0	63.153622238109534	62.6505202191048	62.0770193720993
564.5	64.00307382478263	63.4922234165816	62.90987333718935
565.0	64.85376986637341	64.33503684119592	63.7436844642647
565.5	65.70314660260992	65.17641611298092	64.57593052389186
566.0	66.54844459537357	66.0136232865905	65.40389813572091
566.5	67.38669463979345	66.84371289213135	66.22466895843598
567.0	68.21470308105415	67.6635173774167	67.0351052750672
567.5	69.02903667698513	68.46963208740713	67.83183510647794
568.0	69.82600719806787	69.2583999697242	68.61123703797142
568.5	70.60165602170865	70.02589625945198	69.36942500798736
569.0	71.35173905125487	70.76791346935254	70.10223338067051
569.5	72.07171237608189	71.47994709823563	70.80520271006039
570.0	72.75671918978969	72.15718256980374	71.47356670379789
570.5	73.40157858978823	72.79448402146411	72.10224100087508
571.0	74.00077700893222	73.38638568984652	72.68581450602062
571.5	74.54846315833295	73.92708676939378	73.21854415339804
572.0	75.03844750609615	74.41045076562217	73.69435411870298
572.5	75.46420746346361	74.83001051462443	74.10684064985719
573.0	75.818899605015	75.17898019543368	74.4492838436585
573.5	76.09538040192	75.4502758165277	74.71466785210607
574.0	76.28623709411802	75.63654580737833	74.8957111545008
574.5	76.38383046329557	75.73021348323766	74.98490867087753
575.0	76.3803513776979	75.72353326325684	74.97458760668162
575.5	76.2678930666282	75.60866261001931	74.85697900825969
576.0	76.03854110819961	75.3777516852058	74.62430703612065
576.5	75.68448308353058	75.02305268483498	74.2688979307762
577.0	75.1981397315996	74.53705069580546	73.78331052067006
577.5	74.57231919899148	73.91261766947416	73.16048986955425
578.0	73.80039559126726	73.14319071157412	72.39394525308487
578.5	72.87651244956771	72.2229752906568	71.47795304197126
579.0	71.795810950358	71.14717312356825	70.40778420487642
579.5	70.55468148979438	69.91223333714417	69.1799549586494
580.0	69.15103581310073	68.51612397796342	67.79249753679015
580.5	67.58459489666367	66.95861896170112	66.24524603569452
581.0	65.8571853409898	65.241593078867	64.54012979533661
581.5	63.97303400834154	63.36931463309487	62.68146371332197
582.0	61.939047067072615	61.34872171670319	60.67622132127284
582.5	59.765055532432875	59.189664084502766	58.53427244326364
583.0	57.46400503529138	56.90508829659697	56.268563045364836
583.5	55.05206329840117	54.51113966889827	53.895210891359035
584.0	52.54861533603308	52.027151283841995	51.43348753747141
584.5	49.97611471959761	49.475488874661	48.9056560249842
585.0	47.359760764052176	46.8812221767229	46.33663571276659
585.5	44.72697781839266	44.27159992765717	43.753472568735624
586.0	42.10668565679463	41.67531868875907	41.18460642237842
586.5	39.5283703160375	39.12159601179844	38.6589470223687
587.0	37.02099229798042	36.63908578078031	36.20479773172235
587.5	34.61180114717995	34.25470505564421	33.8486965066031
588.0	32.32515632728078	31.99247176886209	31.614272817913974
588.5	30.181475668283632	29.872472946494234	29.521238339462418
589.0	28.19643532711928	27.910084906320026	27.58463002013297
589.5	26.380522853073472	26.115544105739872	25.814400918361958
590.0	24.73899793822285	24.49392056278077	24.21540774910485
590.5	23.272252834660133	23.04548413321974	22.787783551244793
591.0	21.976502223162445	21.766393116289205	21.527624641053443
591.5	20.84468742831574	20.649591147853144	20.42787904636425
592.0	19.867463310724133	19.685782721964493	19.479309049604836
592.5	19.034148606224896	18.864370427397294	18.671413542722544
593.0	18.33355335686295	18.17426957771764	17.993228159290023
593.5	17.75463747608851	17.604555676000174	17.433960190711584
594.0	17.28699092830748	17.14493588095363	16.983450216395244
594.5	16.92115185425933	16.78606090491928	16.632476981351925
595.0	16.648792839375144	16.51970726221401	16.372935119574556
595.5	16.46280951294568	16.338863601320053	16.197918940801898
596.0	16.35734324970651	16.237752409288618	16.10174302213742
596.5	16.327764174128788	16.211812860670648	16.07992489278531
597.0	16.37063427015046	16.25766427376819	16.12914889085754
597.5	16.48366450045202	16.373063829702303	16.247224566836643
598.0	16.665674998792657	16.55686744712912	16.433048333803317
598.5	16.91656369486955	16.80899906182108	16.6865734891482
599.0	17.237286001267783	17.13043087395812	17.008791095262858
599.5	17.629846184308164	17.52317514801666	17.401722262401492
600.0	18.097299496775964	17.990286626086508	17.868420875168688