t	(Var=minDt) Max	(Var=minDt) WeightedMean	(Var=minDt) Min
0.0	0.0	0.0	0.0
0.5	1.8956293455029392	1.8952019767435013	1.894834944112012
1.0	4.405515630796599	4.404225334048193	4.403119039919568
1.5	10.430355684315849	10.426243195535914	10.422722540216245
2.0	23.756614402023622	23.753120047090032	23.74911074713767
2.5	39.45070416365135	39.4095243833895	39.36179312327712
3.0	49.986601690982205	49.90247998351458	49.80492162875504
3.5	55.31230630980237	55.192644861743425	55.053819067367975
4.0	57.25485028173411	57.107614647882876	56.93674472827141
4.5	57.34752136918848	57.178929162005836	56.983232170913
5.0	56.55521828027381	56.369719104577364	56.154379507687054
5.5	55.41103243817222	55.211749610892845	54.980423201323624
6.0	54.18433279985523	53.97347970975218	53.72876851972423
6.5	52.9990031789836	52.77818914130758	52.521990936690095
7.0	51.90392160419621	51.67436085836951	51.408109135388656
7.5	50.91184382275132	50.67449366445327	50.399317458642166
8.0	50.0198041126293	49.77545334314799	49.49228049502751
8.5	49.21930410676302	48.96862741441983	48.67824872488355
9.0	48.501058852551076	48.24464854951252	47.94775568973188
9.5	47.85694080714117	47.59532418949392	47.292530784120125
10.0	47.28054839135114	47.014196529921456	46.70604910437587
10.5	46.767151843420564	46.496483695993085	46.18346701650744
11.0	46.31340070377986	46.038785026989956	45.721324741484274
11.5	45.916978937420325	45.638735460036216	45.317199771723494
12.0	45.57628923104515	45.294689877923176	44.969391196663715
12.5	45.29019497952312	45.005465507512504	44.67666252044956
13.0	45.05782320390231	44.77014535856312	44.438045660699416
13.5	44.87842097213965	44.58793513630927	44.252698399909455
14.0	44.75125457950829	44.45806282280526	44.11980440578605
14.5	44.67554088299211	44.37971029902924	44.03850516745465
15.0	44.65040170537676	44.35196792827535	44.00785476988557
15.5	44.67483412169807	44.37380492565577	44.02679034680707
16.0	44.747691230362534	44.444050136000826	44.094112854939716
16.5	44.86766953328324	44.56137936060678	44.20847433013431
17.0	45.033300249991385	44.72430657521436	44.36836898620616
17.5	45.24294281323021	44.931177298415506	44.57212642984805
18.0	45.494779473757426	45.180163048372094	44.81790594126308
18.5	45.786810439718124	45.46925632002129	45.10369125966245
19.0	46.11684933100742	45.79626586802555	45.42728566499489
19.5	46.482518982647946	46.1588123312121	45.78630739353771
20.0	46.88124780408444	46.55432440709874	46.17818559750349
20.5	47.31026702155773	46.980035903540305	46.600157175282554
21.0	47.76660920795932	47.432984070429505	47.04926487422384
21.5	48.24710854696285	47.91000965826583	47.52235711255778
22.0	48.74840330062432	48.407759171630325	48.01608998559672
22.5	49.2669409432502	48.92268977903482	48.52693191924006
23.0	49.79898640400966	49.45107732394264	49.05117141428465
23.5	50.34063382022758	49.98902783784707	49.58492828468086
24.0	50.887822144726655	50.53249290278893	50.12416873963584
24.5	51.436354877851215	51.0772891371894	50.66472458700217
25.0	51.981924104053775	51.6191219892444	51.20231674869433
25.5	52.520138908091795	52.153613919569814	51.732583176006095
26.0	53.046558131594374	52.67633694040859	52.25111114004444
26.5	53.55672729721932	53.18284934661397	52.75347374161886
27.0	54.04621939832027	53.66873634377192	53.235270354108394
27.5	54.510679106260916	54.12965413290681	53.69217056804624
28.0	54.945869810878385	54.5613768739388	54.11996106643675
28.5	55.34772277664719	54.95984581552591	54.51459472296697
29.0	55.712387562215405	55.32121974056146	54.87224107688221
29.5	56.03628276047034	55.64192578417925	55.18933723932255
30.0	56.31614600387923	55.918709565649415	55.46263816851801
30.5	56.54908213941108	56.148683530633065	55.68926520136076
31.0	56.73260842864231	56.32937234792435	55.866751673202536
31.5	56.86469564122404	56.458754215211286	55.99308446353457
32.0	56.943803937898494	56.53529695231176	56.06674032646408
32.5	56.96891252336244	56.5579878438465	56.08671594677119
33.0	56.9395421565059	56.52635629952935	56.05255076733276
33.5	56.85576975270653	56.44048854888579	55.96434178443799
34.0	56.71823449497441	56.30103377062728	55.822749693486415
34.5	56.52813507400736	56.10920126618304	55.62899598035801
35.0	56.28721790430481	55.866748516521284	55.384850791683974
35.5	55.997756402626706	55.57596021030065	55.092611670960885
36.0	55.66252165752431	55.23961857553163	54.75507350004458
36.5	55.28474505584831	54.86096559650308	54.37549024443407
37.0	54.86807365983483	54.443657926172534	53.95752933292884
37.5	54.41651932749078	53.99171551236621	53.50521971863692
38.0	53.9344027382772	53.50946512611186	53.022894840673565
38.5	53.42629362441044	53.00148012132855	52.51513184890153
39.0	52.89694859073659	52.47251783681747	51.986688534331606
39.5	52.35124795163152	51.92745609444234	51.44243944785245
40.0	51.79413299993884	51.37123022849082	50.88731266605319
40.5	51.23054507605019	50.8087720300391	50.32622860345915
41.0	50.66536768112043	50.244951857479506	49.76404213195512
41.5	50.10337275233484	49.68452503134542	49.20548912333626
42.0	49.54917202233761	49.13208343000402	48.65513832736398
42.5	49.007174181783206	48.592012991901036	48.11734927115744
43.0	48.48154833958363	48.06845760129679	47.59623664091805
43.5	47.97619404070038	47.56528959638073	47.09564135700907
44.0	47.49471787789892	47.08608691339211	46.61910833140338
44.5	47.04041651951124	46.634116665552405	46.16987067917943
45.0	46.616265787153566	46.21232476913002	45.750839972823904
45.5	46.224915254620484	45.82333106846848	45.36460196553789
46.0	45.868687720740965	45.46942929672062	45.013417108821656
46.5	45.5495828150951	45.152591119317044	44.699225091056796
47.0	45.26928395106112	44.87447346646899	44.42365259876846
47.5	45.029167825749646	44.636428349460616	44.188023487662484
48.0	44.830315686477334	44.43951438081226	43.99337059180601
48.5	44.673525632576684	44.284509266721	43.84044842014703
49.0	44.5593252886644	44.17192261551117	43.7297461187783
49.5	44.487984277958724	44.10200849323452	43.66150011513642
50.0	44.45952601690979	44.07477725815156	43.635705988732475
50.5	44.47373846647813	44.090006310001506	43.652129220447534
51.0	44.53018356729481	44.147249497276924	43.710314559690325
51.5	44.62820520683672	44.24584502930087	43.80959387174144
52.0	44.76693565283157	44.384921836763354	43.94909241220995
52.5	44.9453004863692	44.56340441775201	44.127733572107246
53.0	45.16202214916171	44.780016287403235	44.344242214853566
53.5	45.41562229482817	45.03328222367621	44.59714680023406
54.0	45.70442319850622	45.32152956484527	44.88478055218085
54.5	46.026548534309796	45.64288886979835	45.20528198700797
55.0	46.37992387584754	45.995294295183854	45.556595150799204
55.5	46.76227730906846	46.37648407888333	45.936469951940396
56.0	47.17114057354567	46.7840015441986	46.34246301098541
56.5	47.60385116158334	47.21519705507139	46.77193945352878
57.0	48.05755581019414	47.66723135442556	47.22207607517753
57.5	48.529215813841375	48.13708071307413	47.68986629867835
58.0	49.01561456628793	48.62154429982075	48.1721273591973
58.5	49.51336771121939	49.11725415139673	48.66551005442993
59.0	50.018936242214245	49.62068807850976	49.1665114492148
59.5	50.528642822160094	50.12818579688281	49.671490777052576
60.0	51.03869154685877	50.63596849121761	50.17668878518159
60.5	51.5451912784729	51.1401619555511	50.678250654808814
61.0	52.04418259170733	51.636823353968104	51.17225255081664
61.5	52.53166827334641	52.12197154709556	51.65473175262016
62.0	53.003647205201865	52.59162082296922	52.12172021238976
62.5	53.456151346062335	53.04181775208351	52.56928126662684
63.0	53.88528541304505	53.46868077434308	52.99354911690634
63.5	54.28726874814066	53.868442007002734	53.39077057037807
64.0	54.65847873796525	54.237490647176394	53.75734842506953
64.5	54.995495065624965	54.572417247590295	54.089885772785756
65.0	55.29514397589948	54.87005804723347	54.38523040291884
65.5	55.5545416729674	55.12753847176418	54.64051842287121
66.0	55.7711359184697	55.34231486658114	54.85321614238729
66.5	55.942744878259276	55.51221350094908	55.02115925647549
67.0	56.06759227237316	55.63546588714867	55.14258835627195
67.5	56.14433791593405	55.71073948896367	55.216179825905805
68.0	56.172102811009566	55.73716296498389	55.241071256051534
68.5	56.15048804055659	55.714345184335656	55.21688059374877
69.0	56.07958684598914	55.6423873803589	55.14371838041241
69.5	55.959989413969566	55.52188795932041	55.02219257891275
70.0	55.792780076813585	55.35393965737476	54.85340567650113
70.5	55.579526813401436	55.14011892888369	54.63894393837396
71.0	55.3222631369191	54.88246765263146	54.380858902608885
71.5	55.02346265529768	54.583467445370964	54.08164140406234
72.0	54.68600678623096	54.24600707727729	53.74418864927374
72.5	54.313146289642354	53.87334366117727	53.37176500251088
73.0	53.9084574536553	53.46905847726646	52.96795740055283
73.5	53.47579389839889	53.037008409007306	52.53662636839862
74.0	53.01923507879474	52.58127410093603	52.08185378253543
74.5	52.54303263790153	52.10610600571616	51.60788857146225
75.0	52.05155579452955	51.61586952509115	51.11909157919709
75.5	51.54923694886121	51.114990443748994	50.619880808540294
76.0	51.04051863373766	50.60790179613704	50.11467819867125
76.5	50.52980286852844	50.09899322709168	49.60785900088714
77.0	50.02140384269303	49.59256377739242	49.103704687327436
77.5	49.519504722905154	49.092778881269155	48.606360177248604
78.0	49.02811919810368	48.60363218268057	48.1197959659818
78.5	48.55105820544042	48.128912600075864	47.64777558617088
79.0	48.091902087973395	47.67217687525341	47.193828607951964
79.5	47.653978253609154	47.236727658009215	46.76122921473331
80.0	47.24034422801153	46.82559700303288	46.35298020926577
80.5	46.85377584136513	46.441535000918	45.97180215409011
81.0	46.49676015259751	46.087003132733976	45.62012721754782
81.5	46.171492609697395	45.76417183344758	45.3000971967201
82.0	45.87987786690794	45.474921675128144	45.01356511686538
82.5	45.623533632644246	45.22084753666978	44.762099765897105
83.0	45.40379690348674	45.00326511132826	44.54699251104832
83.5	45.22173194906973	44.82321911470027	44.36926575838832
84.0	45.078139443232054	44.681492590258074	44.22968245365694
84.5	44.973566189638014	44.57861676225482	44.128756076993625
85.0	44.908314955749184	44.514880954250096	44.06676065463811
85.5	44.882454006594266	44.490342169635234	44.04374038949887
86.0	44.8958260129075	44.50483401301789	44.0595185955009
86.5	44.948056095367455	44.55797472096011	44.11370570971097
87.0	45.03855885264638	44.64917415311261	44.20570623957995
87.5	45.16654430416587	44.777639679964345	44.33472458637786
88.0	45.331022756258925	44.942380979607705	44.499769761717815
88.5	45.530808674428435	45.14221382897738	44.699659084865516
89.0	45.764523706976064	45.37576303720354	44.93302101284885
89.5	46.030599063477936	45.64146472635148	45.19829730928089
90.0	46.327277500343236	45.93756821177837	45.49374480488655
90.5	46.65261520435325	46.2621377748424	45.8174370433016
91.0	47.00448389735883	46.61305464904669	46.16726613311445
91.5	47.3805735062203	46.988019565506015	46.5409451519484
92.0	47.778395755700856	47.38455621315865	46.9360114553549
92.5	48.195289043127865	47.800015974163834	47.3498312530662
93.0	48.6284249500384	48.23158428666369	47.779605806065945
93.5	49.074816723214816	48.67628897121638	48.222379575011246
94.0	49.53133003516914	49.13101082923255	48.67505063591529
94.5	49.99469629160881	49.59249678311808	49.13438363015554
95.0	50.46152870544353	50.05737578041304	49.59702547618387
95.5	50.928341296456885	50.52217762329708	50.05952400615704
96.0	51.39157090587185	50.98335481673004	50.518349625545994
96.5	51.84760223593054	51.43730744910221	50.96992001310119
97.0	52.29279583738555	51.88041103403177	51.41062779833163
97.5	52.72351887733427	52.3090471488694	51.8368710530417
98.0	53.136178419372854	52.71963660804726	52.2450863442683
98.5	53.527256854994654	53.10867481406084	52.63178399368369
99.0	53.89334902841558	53.47276883140029	52.99358509517232
99.5	54.23120050285801	53.80867563451269	53.327259741564866
100.0	54.53774634510468	54.113340906370446	53.62976584015214
100.5	54.81014971888034	54.38393767843872	53.89828780517088
101.0	55.04583954427422	54.61790406467702	54.13027437713503
101.5	55.24254642954201	54.812979292153805	54.3234747648019
102.0	55.39833607170394	54.96723721649178	54.47597229115918
102.5	55.51163933891248	55.079116526759854	54.5862147352024
103.0	55.58127827219175	55.1474468664818	54.653040586870816
103.5	55.60648730876072	55.17147016399159	54.675700500126744
104.0	55.58692911226609	55.150856542130335	54.65387328346195
104.5	55.52270450302725	55.0857142954578	54.58767593182682
105.0	55.41435610287264	54.97659353757607	54.477667269073336
105.5	55.26286546253293	54.82448328147483	54.3248449746035
106.0	55.06964358840363	54.63080186548563	54.13063588371978
106.5	54.836514951776614	54.39738081063559	53.89687967126093
107.0	54.56569523140211	54.12644236199712	53.625806156878014
107.5	54.2597631985822	53.82057113288927	53.32000667145005
108.0	53.92162730776979	53.48268042480385	52.982400064581235
108.5	53.55448769159536	53.115973937128416	52.61619408741541
109.0	53.16179436844529	52.72390368920893	52.22484298742897
109.5	52.74720257782642	52.31012508729966	51.81200227104857
110.0	52.31452618721415	51.878450097102615	51.38148160666418
110.5	51.86769018246437	51.432799540949226	50.937196913217456
111.0	51.410683197572745	50.97715551427506	50.48312263529345
111.5	50.94751109050779	50.515514880846396	50.023245171990766
112.0	50.48215238189185	50.05184473897157	49.561518367763846
112.5	50.01851639275329	49.59004064491349	49.10182184178638
113.0	49.560404741470514	49.13388826810189	48.64792283225463
113.5	49.11147673413213	48.687029007381454	48.20344207488087
114.0	48.675219043144274	48.25292994850462	47.77182408508066
114.5	48.25491991175235	47.83485839222143	47.356312060469875
115.0	47.853647974221225	47.435861027934564	46.95992746118927
115.5	47.474235637221504	47.058747684103864	46.585454185552805
116.0	47.11926683703917	46.70607945985481	46.235427129627844
116.5	46.791068879042356	46.38016092804029	45.912124806491335
117.0	46.4917079710169	46.08303601360527	45.617565618568875
117.5	46.22298799486857	45.81648708225432	45.35350730690054
118.0	45.98645201746426	45.582036734120805	45.1214490659788
118.5	45.78338602188285	45.38095177925791	44.92263579611902
119.0	45.614824337047395	45.2142488712116	44.758063967527804
119.5	45.48155626939296	45.08270130364838	44.62848860047759
120.0	45.384133478775986	44.98684650844714	44.53443090529904
120.5	45.322877679059246	44.9269938467166	44.47618616734825
121.0	45.29788832308623	44.90323234729246	44.45383154848083
121.5	45.30904998284776	44.91543811231484	44.46723351822971
122.0	45.35603921287207	44.96328118113402	44.51605471644762
122.5	45.43833075490118	45.046231713685145	44.599760109574135
123.0	45.55520301435182	45.16356542630414	44.71762238053733
123.5	45.70574279745138	45.314368275407524	44.86872654877575
124.0	45.888849370278066	45.49754044965839	45.051973885822854
124.5	46.10323794776069	45.71179978188384	45.26608523886703
125.0	46.34744277684405	45.95568474669133	45.509603930182834
125.5	46.61982001563116	46.22755724636892	45.78089843642654
126.0	46.918550648410715	46.52560542518599	46.078165088664186
126.5	47.241643701518036	46.84784677773503	46.399431057929476
127.0	47.58694004412396	47.192131836055886	46.742557912921775
127.5	47.9521170708906	47.55614873058906	47.105246043233706
128.0	48.33469456132661	47.93742892189997	47.48504024626983
128.5	48.73204200645463	48.33335439350196	47.879336767088155
129.0	49.14138767644174	48.74116657917309	48.28539206763829
129.5	49.55982967874781	49.15797727582383	48.70033357461504
130.0	49.98434921742031	49.58078175492817	49.12117262250585
130.5	50.411826226510385	50.00647424494237	49.5448197660228
131.0	50.839057489903226	50.43186590442658	49.96810258495644
131.5	51.26277731236695	50.853705345160385	50.38778604231226
132.0	51.67968071755908	51.268701695671574	50.80059539305659
132.5	52.08644909766834	51.67355012401353	51.20324156385339
133.0	52.47977814467078	52.06495965760058	51.59244884732702
133.5	52.85640781941139	52.43968305951689	51.96498467333403
134.0	53.21315402553209	52.79454843549146	52.3176911363324
134.5	53.54694159873588	53.126492169858174	52.64751787855885
135.0	53.854838109228616	53.4325927119366	52.95155585327954
135.5	54.134087948214976	53.710104666307856	53.227071420540405
136.0	54.38214608828203	53.956492585658275	53.471540174647735
136.5	54.596710883885905	54.16946381928746	53.682679850160746
137.0	54.77575523383146	54.346999743919085	53.85848163309342
137.5	54.91755542573408	54.48738469559405	53.99723918202823
138.0	55.020717010373545	54.589231925885656	54.09757468272872
138.5	55.08419705921095	54.65150594304937	54.15846128138541
139.0	55.10732222695548	54.67354064634404	54.17924129715038
139.5	55.08980211167445	54.65505273701522	54.15963968896279
140.0	55.03173749073844	54.59614997764845	54.09977233827471
140.5	54.933623124205404	54.4973339854115	54.00014882637975
141.0	54.796344935451934	54.35949736354932	53.86166950623079
141.5	54.62117150962968	54.183915110586824	53.685616806879985
142.0	54.40973998925272	53.97223038703689	53.47364084719562
142.5	54.164036581508526	53.72643485727484	53.22773958727722
143.0	53.886372028238796	53.448843965067894	52.95023387800929
143.5	53.57935251514972	53.142067625988766	52.6437379045411
144.0	53.245846603391946	52.80897693336755	52.31112563274809
144.5	52.888948877457565	52.452667581969244	51.95549397655359
145.0	52.51194105429372	52.07642076772571	51.58012345926588
145.5	52.11825136947964	51.68366239150065	51.18843721096193
146.0	51.711413071938075	51.277921410226426	50.78395915807002
146.5	51.29502285412901	50.86278817150878	50.370272252367144
147.0	50.87270002330707	50.441873543657096	49.950977558331815
147.5	50.448047160908914	50.01876959267199	49.52965495517129
148.0	50.02461294200906	49.59701247948689	49.10982612771188
148.5	49.60585769401906	49.18004815415465	48.69492042077267
149.0	49.195122164729355	48.77120131137481	48.288244013283965
149.5	48.795599846824835	48.37364794849999	47.892952747651556
150.0	48.4103130857571	47.990391743294666	47.512028819692965
150.5	48.04209307224147	47.62424434196754	47.148261407028514
151.0	47.6935637053463	47.27780953304415	46.80423120066672
151.5	47.36712919938918	46.953471170213085	46.482298689996384
152.0	47.064965218234384	46.65338461716682	46.184595962902335
152.5	46.78901323779759	46.379471406969785	45.913021704308356
153.0	46.54097778270016	46.13341675436971	45.669239022367
153.5	46.322326137661875	45.91666951607035	45.454675692272204
154.0	46.1342901125385	45.73044417647732	45.27052639007942
154.5	45.97786944532341	45.57572443316454	45.1177564886701
155.0	45.853836420107314	45.45326797066147	44.99710700388771
155.5	45.76274132629465	45.36361203844333	44.9091003072542
156.0	45.70491840680977	45.30707948862807	44.85404626279527
156.5	45.68049199956274	45.28378497622477	44.832048493427344
157.0	45.68938262374765	45.293641078647894	44.84301053693874
157.5	45.731312820606895	45.33636414870155	44.88664170907761
158.0	45.80581262298406	45.41147977352836	44.962462550004716
158.5	45.912224578818154	45.518327769783326	45.06980978694282
159.0	46.04970830943837	45.656066701817316	45.207840803897376
159.5	46.21724464413096	45.82367796089174	45.37553765788483
160.0	46.41363941148876	46.01996949148656	45.57171072924486
160.5	46.63752701560053	46.24357929339597	45.795002143738806
161.0	46.887373961212994	46.49297886388734	46.043889111133616
161.5	47.161482520839655	46.766476775029034	46.31668740692366
162.0	47.45799476209679	47.06222260373419	46.61155519029705
162.5	47.774897168325566	47.37821144852446	46.926497401782285
163.0	48.11002609451417	47.71228927588679	47.2593709856149
163.5	48.461074301858204	48.06215933968871	47.607891177210455
164.0	48.825598811606866	48.42538991122498	47.96963909458622
164.5	49.20103029361699	48.799423542470585	48.342070858721044
165.0	49.58468419077515	49.181588062332544	48.72252844343213
165.5	49.97377375298313	49.56910947668643	49.108252424484526
166.0	50.36542510278103	49.95912690188553	49.4963967627597
166.5	50.75669442046054	50.34870961904728	49.88404571029428
167.0	51.14458727966334	50.734876282461414	50.26823287463321
167.5	51.526080104011356	51.114616256942284	50.64596242039482
168.0	51.89814365640913	51.4849129963689	51.01423232363201
168.5	52.25776840118731	51.84276930921935	51.37005952679458
169.0	52.60199151319538	52.18523428810865	51.71050677586783
169.5	52.92792524705903	52.50943161157392	52.03271085085689
170.0	53.23278629869143	52.812588863942786	52.33391183518871
170.5	53.51392574255014	53.09206744916954	52.61148300334438
171.0	53.76885907587327	53.34539263196743	52.862960858692176
171.5	53.995295847064604	53.57028318258881	53.08607479682985
172.0	54.19116832112247	53.76468007595063	53.278775842376184
172.5	54.3546586099924	53.926773668959655	53.4392638789728
173.0	54.484223698685355	54.05502878074569	53.56601279109302
173.5	54.57861779758126	54.14820710594836	53.65779294342408
174.0	54.63691149811687	54.20538642388659	53.71369045079699
174.5	54.658507238380466	54.2259761102819	53.733122739658015
175.0	54.643150654677164	54.20972851932034	53.715849961686246
175.5	54.59093747855398	54.15674588715112	53.66198190297426
176.0	54.502315717374884	54.067482494564814	53.57198012256358
176.5	54.37808296938006	53.94274193385852	53.446655160621795
177.0	54.219378828547676	53.783669435010374	53.28715877285877
177.5	54.02767245263325	53.591739323474435	53.09497125792769
178.0	53.80474547734699	53.36873779901278	52.8718840796902
178.5	53.55267057742823	53.11674133839501	52.61997808689452
179.0	53.27378607839988	52.83809113302874	52.34159775114634
179.5	52.970667109828014	52.53536406416149	52.039321935477766
180.0	52.646093884293784	52.21134080371783	51.71593179334243
180.5	52.303017732954686	51.86897168639637	51.37437645455285
181.0	51.94452558142338	51.51134104436473	51.0177371995983
181.5	51.57380356697492	51.14163071473265	50.649190843829636
182.0	51.1941004987887	50.76308342779276	50.27197304766233
182.5	50.80869183771788	50.37896676093098	49.88934224286607
183.0	50.420844838134855	49.99253830035256	49.50454482145934
183.5	50.03378542136374	49.60701258225919	49.12078216046503
184.0	49.65066728427352	49.22553031908489	48.74117998252835
184.5	49.27454365245073	48.851130309774064	48.36876045278407
185.0	48.908341990042516	48.48672434617096	48.0064173126265
185.5	48.55484188091876	48.135075321061635	47.65689424935849
186.0	48.21665618807677	47.798778636508516	47.32276659356809
186.5	47.896215505789264	47.48024691880421	47.00642633434183
187.0	47.59575582202013	47.181697950216886	46.71007035959965
187.5	47.31730924118467	46.90514565795881	46.43569175216364
188.0	47.062697530589034	46.65239391563949	46.185073880577036
188.5	46.83352822131841	46.42503288615561	45.95978701819399
189.0	46.631192944619194	46.224437577100296	45.76118715068519
189.5	46.45686766476962	46.051768269983576	45.59041662268015
190.0	46.31151446747844	45.90797247713073	45.448406290714814
190.5	46.195884561913665	45.793788085510435	45.33587882438863
191.0	46.1105221794758	45.70974736950123	45.25335284870196
191.5	46.05576907432409	45.65618157868663	45.20114763010205
192.0	46.0317693742165	45.63322585161524	45.17938805653146
192.5	46.03847456791173	45.6408242400715	45.18800971050145
193.0	46.0756484600979	45.678734684078634	45.22676385650987
193.5	46.14287197858118	45.746533817061305	45.295222247549084
194.0	46.239547761305005	45.843621536004314	45.392781673623276
194.5	46.3649045004462	45.96922531393348	45.51866823761557
195.0	46.51800106463307	46.12240427821989	45.67194138248132
195.5	46.697730461023504	46.302053117848764	45.85149773550391
196.0	46.90282373615323	46.506905920139125	46.05607487049129
196.5	47.13185394599599	46.73554006813858	46.28425512731401
197.0	47.3832403509687	46.986380355299445	46.53446962611645
197.5	47.6552530132761	47.257703495710565	46.8050026835075
198.0	47.946017986056184	47.547643220022444	47.09399680565509
198.5	48.253523293784816	47.85419615550372	47.399458445971106
199.0	48.57562589941388	48.17522868979655	47.71926475588729
199.5	48.91005985429742	48.50848500979521	48.051171503369986
200.0	49.25444580530809	48.85159649627383	48.392822329073184
200.5	49.60630202128705	49.20209263354578	48.74175952850639
201.0	49.9630570673089	49.55741356600697	49.095436474564394
201.5	50.3220642255366	49.91492440171541	49.451231792358335
202.0	50.68061772055016	50.2719313209476	49.806465327306746
202.5	51.03597075989834	50.62569950546931	50.15841595347319
203.0	51.38535535270903	50.97347285146187	50.504341164953644
203.5	51.7260038134176	51.31249537639407	50.84149837465906
204.0	52.055171803503015	51.64003417456411	51.16716776926234
204.5	52.37016270324498	51.953403716055085	51.478676528108544
205.0	52.66835305270192	52.24999122929797	51.7734241380611
205.5	52.94721874469886	52.527282851821646	52.04890849638693
206.0	53.204361601690415	52.78289018147508	52.30275243389259
206.5	53.437535929876915	53.01457682092825	52.53273024766433
207.0	53.644674597949404	53.22028446254106	52.736793792037936
207.5	53.8239141770594	53.398158046712794	52.91309765856565
208.0	53.97361864825697	53.54656949936845	53.06002294550522
208.5	54.09240119825354	53.664139562434606	53.17619912819163
209.0	54.17914362008213	53.74975723262428	53.260523538769604
209.5	54.23301287750613	53.80259636097814	53.31217800520325
210.0	54.25347441809311	53.82212899199033	53.33064221687502
210.5	54.24030188650753	53.80813509168519	53.315703468021916
211.0	54.193582945728394	53.760708365467394	53.267462469133214
211.5	54.11372099686096	53.680257954982004	53.18633501506617
212.0	54.00143267369471	53.567505886063266	53.07304937658806
212.5	53.85774108003386	53.423480236090455	52.928639386877784
213.0	53.68396482973202	53.24950408377144	52.754433283106785
213.5	53.48170306042474	53.047180406109334	52.55203847024715
214.0	53.25281666040317	52.81837317952714	52.32332247569374
214.5	52.99940606291514	52.56518503395545	52.07039044214954
215.0	52.72378601953987	52.28993188277065	51.795559592931234
215.5	52.428457844789826	51.995115027762786	51.501331177526254
216.0	52.11607966508991	51.6833912795671	51.19036044564204
216.5	51.78943525327146	51.35754168270322	50.86542524821953
217.0	51.45140203715349	51.02043943987882	50.52939386808037
217.5	51.10491887870039	50.675017639500496	50.18519268990561
218.0	50.752954200828064	50.32423736542554	49.835774294163436
218.5	50.39847500922678	49.971056741229596	49.48408652958404
219.0	50.04441729884215	49.618401397852125	49.13304305441314
219.5	49.69365828154776	49.2691368009951	48.785495781050095
220.0	49.34899079655774	48.926042796168936	48.44420957849695
220.5	49.01310018202846	48.59179064713897	48.11183950368783
221.0	48.688543808737286	48.268922761012966	47.790910748819485
221.5	48.37773338794582	47.95983520749985	47.48380140316424
222.0	48.08292008590971	47.6667630573551	47.19272805071801
222.5	47.80618240232151	47.391768490478675	46.919734140567186
223.0	47.549416701024874	47.13673155543388	46.66668100901843
223.5	47.314330223120926	46.90334340508782	46.43524136951646
224.0	47.10243636987045	46.693101788138854	46.226895043096896
224.5	46.91505199605737	46.50730854295848	46.04292667713155
225.0	46.753296467882876	46.347068820457416	45.88442516147037
225.5	46.61809216956813	46.213291751736584	45.75228447273541
226.0	46.510166212438094	46.10669228401171	45.64720565941482
226.5	46.43005306301552	46.02779391742916	45.56969969710406
227.0	46.378097852374346	45.976932098479345	45.52009097829231
227.5	46.354460147798015	45.95425805448612	45.49852121700188
228.0	46.35911800509824	45.95974288723445	45.50495358804061
228.5	46.391872153686585	45.99318178117403	45.539176959662555
229.0	46.45235020695625	46.05419822125935	45.60081012115187
229.5	46.54001083469995	46.142248154318565	45.68930592787173
230.0	46.6541478675723	46.2566240695532	45.80395535438706
230.5	46.79389433585408	46.3964590062081	45.94389146756118
231.0	46.958226503856444	46.560730538307205	46.10809335244716
231.5	47.145967958275335	46.74826480973128	46.2953900862639
232.0	47.355793862675945	46.957740724526026	46.504464856645086
232.5	47.5862354995246	47.18769441878639	46.73385935197815
233.0	47.83568524530529	47.43652415638893	46.98197856788996
233.5	48.10240212695896	47.70249580352999	47.24709618726672
234.0	48.38451812727961	47.98374904313455	47.527360692185674
234.5	48.680045393252755	48.27830448944185	47.820802371121204
235.0	48.986884506337695	48.58407185927712	48.12534137863388
235.5	49.30283395422385	48.8988593418456	48.43879698816006
236.0	49.6256009303814	49.22038429558836	48.75889817544722
236.5	49.95281356268969	49.54628536869237	49.08329560923726
237.0	50.28203464141416	49.87413612471892	49.409575170027566
237.5	50.610776883559865	50.20146020292765	49.73527298469741
238.0	50.9365197323737	50.52574801851683	50.05789201881705
238.5	51.2567276457932	50.84447495745346	50.374920162458494
239.0	51.568869782783246	51.155120976474606	50.683849733769584
239.5	51.870440949293325	51.455191472057685	50.98219825990691
240.0	52.15898361476271	51.74223923073393	51.26753035273131
240.5	52.43211076773419	52.01388723035185	51.53748044776621
241.0	52.687529328110706	52.26785201142086	51.78977612935986
241.5	52.923063795085504	52.501967297456346	52.02226171976827
242.0	53.1366797774177	52.71420751067847	52.23292177705069
242.5	53.326507018861	52.902710794230074	52.41990411492529
243.0	53.49086151368312	53.06580113604192	52.58154193350573
243.5	53.62826629806903	53.202009174816155	52.71637464328651
244.0	53.737470501507026	53.310091273153766	52.823166961593685
244.5	53.81746625552406	53.389046447226214	52.90092586247241
245.0	53.86750308466994	53.438130777490684	52.948915011059945
245.5	53.887099423881935	53.45686893908139	52.96666630614638
246.0	53.876050980592034	53.44506256697771	52.95398824691297
246.5	53.83443568804403	53.40279519916878	52.910970862455606
247.0	53.76261508142494	53.33043362668696	52.83798702973436
247.5	53.66123199215917	53.22862554447953	52.73569007271803
248.0	53.53120453873515	53.09829348075111	52.60500761936561
248.5	53.373716467924986	52.94062505978076	52.44713177292202
249.0	53.19020398666091	52.75705974024229	52.26350574147798
249.5	52.98233930066765	52.54927224864473	52.055807150276735
250.0	52.75201114842592	52.31915300051533	51.825928332418854
250.5	52.501302688081815	52.06878587293735	51.57595397063621
251.0	52.23246714860573	51.800423744990155	51.30813651133089
251.5	51.9479017015361	51.51646226861478	51.02486982028355
252.0	51.65012004015163	51.21941236270472	50.72866158094504
252.5	51.34172417093007	50.911871941238104	50.4221049515817
253.0	51.02537592289144	50.59649738442583	50.10784999504386
253.5	50.703768668068925	50.27597525079409	49.788575383738454
254.0	50.37959971761718	49.9529946969907	49.46696084762568
254.5	50.055543827076384	49.63022103689837	49.14566080005233
255.0	49.734228179044536	49.31027081179828	48.82727950892046
255.5	49.41820916793683	48.99568869056527	48.514348132151
256.0	49.109951238758164	48.688926450394305	48.20930386286342
256.5	48.8118079616165	48.39232421470467	47.91447135660029
257.0	48.52600545930591	48.108094061139134	47.63204654678914
257.5	48.254628233387145	47.83830603902352	47.364082882838524
258.0	47.9996073714022	47.58487657390863	47.1124799611314
258.5	47.76271106167305	47.34955918027411	46.878974464379056
259.0	47.5455372890334	47.133937350420524	46.66513327148457
259.5	47.34950854901347	46.93941945298119	46.47234856659881
260.0	47.175868382963614	46.76723543978904	46.301834741772495
260.5	47.02567951849885	46.618435142638425	46.1546268712964
261.0	46.89982338905695	46.49388793130002	46.03158052732051
261.5	46.799000804322446	46.39428350377966	45.93337270574323
262.0	46.72373355188535	46.32013358815413	45.86050364124888
262.5	46.674366725785866	46.271774351696834	45.81329930740642
263.0	46.651071597099914	46.24936933325437	45.791914418123284
263.5	46.65384887133442	46.252912743862865	45.7963357771939
264.0	46.68253220276568	46.28223300796444	45.82638584813132
264.5	46.73679187208047	46.33699645182663	45.88172645466066
265.0	46.81613856318134	46.41671107690162	45.96186254915687
265.5	46.91992720737407	46.52073038912318	46.06614602417475
266.0	47.04736090224853	46.64825728786316	46.19377956690211
266.5	47.197494924733704	46.79834804390904	46.34382059542722
267.0	47.36924090712376	46.969916426143165	46.5151853313499
267.5	47.561371245773316	47.16173805656636	46.706653090864734
268.0	47.77252384781824	47.37245509425438	46.916870898003715
268.5	48.00120732751282	47.600581361611795	47.14435853153007
269.0	48.245806774894106	47.84450803841092	47.38751413390571
269.5	48.504590223464454	48.10251005147344	47.644620509357374
270.0	48.77571595487302	48.37275329031979	47.913852243084115
270.5	49.05724074961497	48.65330277246389	48.193283766284075
271.0	49.34712920789371	48.94213187164379	48.48089848011549
271.5	49.643264232022865	49.23713270718757	48.77459903916249
272.0	49.94345874644503	49.53612777134028	49.07221887165708
272.5	50.24546871332477	49.83688284642833	49.371534990693554
273.0	50.54700744861768	50.13712123467442	49.670282119057404
273.5	50.845761243123945	50.434539287658595	49.96616811855379
274.0	51.13940622898212	50.726823189110995	50.25689067740368
274.5	51.42562640349871	51.01166690192434	50.5401551694516
275.0	51.70213268413686	51.28679115331929	50.81369356031814
275.5	51.966682822797395	51.549963288243234	51.07528419174709
276.0	52.217101970856625	51.79901778401144	51.32277223866171
276.5	52.45130364633493	52.031877177353046	51.554090590615495
277.0	52.667310826183574	52.24657312714827	51.767280881053736
277.5	52.86327684944062	52.44126729937957	51.960514350663225
278.0	53.03750580167133	52.61427174186234	52.13211221123073
278.5	53.18847203100926	52.76406839951745	52.28056515912556
279.0	53.3148384408426	52.88932741182055	52.40455167780726
279.5	53.41547320324404	52.98892383624793	52.50295477073983
280.0	53.48946455418138	53.061952451747246	52.57487677474641
280.5	53.53613334380878	53.10774031829756	52.61965192763056
281.0	53.55504305559568	53.125856798794366	52.63685639186426
281.5	53.546007040426645	53.11612078845945	52.62631547693593
282.0	53.50909276594819	53.078604948938555	52.588107854426546
282.5	53.44462293372096	53.01363679836752	52.52256661527195
283.0	53.353173380864924	52.92179657231775	52.430277082612506
283.5	53.235567746496706	52.803911836733974	52.312071361337566
284.0	53.09286895621806	52.66104890531852	52.16901967741531
284.5	52.92636763899218	52.494501178517844	52.002418626628234
285.0	52.73756766503133	52.305774595114386	51.81377652618917
285.5	52.52816904851455	52.09657044390784	51.60479612233201
286.0	52.3000485188781	51.86876584301721	51.37735496294592
286.5	52.055238108609316	51.624392239914656	51.13348379822104
287.0	51.79590214899942	51.36561232794145	50.875343406949554
287.5	51.52431308309261	51.094695793765105	50.605200269877024
288.0	51.24282652933995	50.813994332852346	50.32540153148517
288.5	50.95385602487748	50.52591636626322	50.03834968803723
289.0	50.659847872967404	50.232901885625594	49.74647743242107
289.5	50.36325649408772	49.93739782750215	49.45222305600866
290.0	50.066520653821605	49.64183435122546	49.15800678656575
290.5	49.77204089302146	49.348602344599776	48.866208383091745
291.0	49.48215844370061	49.06003244016059	48.57914626778046
291.5	49.199135858933	48.77837576675465	48.299058419566386
292.0	48.9251395254087	48.50578660228694	48.02808518913688
292.5	48.66222417424866	48.24430703915999	47.76825414210855
293.0	48.412319444776706	47.99585371278736	47.5214669774856
293.5	48.17721850439319	47.762206591807455	47.28948851319641
294.0	47.958568678009485	47.544999778843106	47.073937683538944
294.5	47.75786399780605	47.34571422884383	46.87628045050987
295.0	47.57643954757252	47.165672255922956	46.697824494998066
295.5	47.41546745210794	47.00603367382722	46.53971553176224
296.0	47.2759543365753	46.867793395042504	46.40293506633444
296.5	47.15874007465564	46.751780304708234	46.28829941197077
297.0	47.06449764075723	46.658657221927434	46.1964597747751
297.5	46.99373388354338	46.588921766274716	46.12790322583004
298.0	46.94679105013931	46.54290795843029	46.082954387747634
298.5	46.923848906685095	46.520788400270206	46.061777681953544
299.0	46.92492731981372	46.52257690044888	46.06438000378328
299.5	46.94988918927808	46.54813143546439	46.090613715148805
300.0	46.9984436456039	46.59715736253762	46.14017987305776
300.5	47.07014945597644	46.66921082574465	46.2126316370891
301.0	47.16441860471875	46.76370232700148	46.307377827488814
301.5	47.2805200450621	46.879900456561856	46.42368663142147
302.0	47.417583641496016	47.016935804127776	46.56068947786061
302.5	47.57460434258584	47.17380509183207	46.71738512490635
303.0	47.75044664765584	47.349375593244936	46.89264402421039
303.5	47.94384944241279	47.542389914049075	47.08521303894011
304.0	48.15343129497625	47.75147122702058	47.293720608754974
304.5	48.377696309151695	47.97512905834647	47.51668246044347
305.0	48.61504063741526	48.21176572901864	47.752507967110255
305.5	48.863759756831136	48.45968355408848	47.999507258935544
306.0	49.122056599977654	48.71709289667529	48.255899197743666
306.5	49.388050639640625	48.98212116672275	48.51982026448057
307.0	49.65978798641321	49.25282283784516	48.789334494138856
307.5	49.93525256699934	49.52719054026014	49.062444469328135
308.0	50.212378411495386	49.80316726415537	49.337103427699034
308.5	50.48906305848988	50.07865968266008	49.611228493201374
309.0	50.763182058231656	50.35155257525705	49.88271500573583
309.5	51.032604520951274	50.619724300983954	50.14945191281433
310.0	51.29520962375879	50.88106323524973	50.409338124204275
310.5	51.54890395872346	51.13348505461347	50.660299725561046
311.0	51.79163956746544	51.3749507151372	50.900307892213704
311.5	52.0214324752022	51.60348493877013	51.127397323696826
312.0	52.23638150459723	51.817194988848385	51.33968497174818
312.5	52.43468712890439	52.01428949154094	51.53538882883268
313.0	52.614670087403894	52.193097030512334	51.71284649682151
313.5	52.77478947972586	52.3520842267803	51.870533250757276
314.0	52.913660038253944	52.489873003478635	52.00707929404729
314.5	53.03006827273023	52.60525672736007	52.12128589630143
315.0	53.12298718273831	52.6972149221131	52.21214010606404
315.5	53.19158924812625	52.76492625955158	52.27882774235763
316.0	53.235257422452484	52.807779552804995	52.32074438528548
316.5	53.25359388344737	52.82538250239011	52.337504118634676
317.0	53.246426327594236	52.81756798086672	52.32894579707694
317.5	53.21381164058269	52.78439768493506	52.29513668021602
318.0	53.15603681923947	52.72616302999915	52.236373292173674
318.5	53.07361707573207	52.643383217292964	52.15317944514125
319.0	52.96729111076592	52.53680045922626	52.046301408788196
319.5	52.8380135994101	52.40737240835299	51.916700272715886
320.0	52.68694499049219	52.25626189154617	51.76554160518134
320.5	52.51543877844304	52.08482411093036	51.59418257201008
321.0	52.32502645584644	51.89459152217796	51.40415672921684
321.5	52.11740040727522	51.687256655247	51.1971567608943
322.0	51.89439503814421	51.464653172381325	50.97501545476439
322.5	51.65796647115928	51.22873550358138	50.73968526903782
323.0	51.41017116389681	50.981557412134045	50.493216840167484
323.5	51.15314381053499	50.725249862822125	50.23773681211756
324.0	50.889074902972546	50.46199856295596	49.975425357146456
324.5	50.620188310009674	50.19402154469159	49.70849376268193
325.0	50.34871922375634	49.92354713408162	49.43916242836563
325.5	50.07689279202033	49.652792629616044	49.16963959889712
326.0	49.80690372865219	49.3839439786888	48.90210111807985
326.5	49.5408971470754	49.11913669830936	48.638671451260684
327.0	49.28095082570612	48.86043824600554	48.38140617825227
327.5	49.0290590605857	48.60983199323052	48.1322761066103
328.0	48.78711821621233	48.36920290974163	47.893153109833136
328.5	48.55691403782675	48.14032501805023	47.66579774548749
329.0	48.34011074120382	47.9248506307945	47.45184866213972
329.5	48.13824185541004	47.72430134280732	47.252813762541386
330.0	47.952702757434125	47.54006071316003	47.07006305434337
330.5	47.784744805510634	47.37336854081534	46.90482308883564
331.0	47.635470954428186	47.225316614787666	46.75817286449128
331.5	47.5058327164558	47.09684579997466	46.63104105566796
332.0	47.396628323430825	46.98874431182224	46.524204414806995
332.5	47.308501937147334	46.90164702678541	46.43828719694836
333.0	47.24194376003424	46.836035678887306	46.37376145351707
333.5	47.197290904685616	46.79223980081837	46.330948054440185
334.0	47.1747288893219	46.77043827664185	46.31001830539129
334.5	47.174293648155604	46.770661395611384	46.310996050428656
335.0	47.1958739583755	46.792793308790294	46.3337601616924
335.5	47.239214209209855	46.83657481524704	46.37804734457612
336.0	47.3039174598697	46.90160642516444	46.443455206006185
336.5	47.389448754945306	46.9873516693386	46.529445556708374
337.0	47.495138687302195	47.093140646129044	46.635347939470044
337.5	47.62018722028246	47.218173818417775	46.76036339700532
338.0	47.76366779681695	47.36152608923881	46.90356850896087
338.5	47.924531783535166	47.52215120459809	47.06391974778444
339.0	48.101613307664806	47.698886542737995	47.24025821300276
339.5	48.293634557003735	47.890458359908486	47.431314815656926
340.0	48.49921162007373	48.09548757146109	47.63571599163983
340.5	48.71686094618307	48.31249614764558	47.85199002475348
341.0	48.94500650531355	48.53991420589482	48.078574061620124
341.5	49.181987723879914	48.7760878752027	48.313821895249674
342.0	49.42606826149374	49.01928799958478	48.55601258478693
342.5	49.67544568641103	49.26771973829552	48.80335997049577
343.0	49.92826208674672	49.51953310141035	49.05402312318355
343.5	50.18261563977161	49.772834443737345	49.30611775264289
344.0	50.436573135931226	50.02569891477665	49.55772857329055
344.5	50.68818343188194	50.276183840307844	49.80692260471743
345.0	50.9354917791435	50.52234298295237	50.05176335471595
345.5	51.176554946859966	50.76224160136624	50.290325806324155
346.0	51.40945702764935	50.99397219803941	50.520712099549996
346.5	51.632325790491485	51.21567082015402	50.74106777303598
347.0	51.843349408320414	51.4255337420157	50.949598395164436
347.5	52.04079337271621	51.62183434219391	51.14458639773987
348.0	52.22301737852518	51.802939956417426	51.32440789347684
348.5	52.388491941730884	51.967328471831216	51.487549242376176
349.0	52.53581450190193	52.11360441169174	51.63262311613487
349.5	52.663724750743704	52.240514250662656	51.758383797666596
350.0	52.771118920225454	52.34696069656247	51.863741454107306
350.5	52.857062779734385	52.432015677072	51.94777511337169
351.0	52.92080307785308	52.49493177976284	52.0097440986585
351.5	52.96177720698917	52.53515191067463	52.0490976786065
352.0	52.979620881768334	52.55231695957392	52.0654827193529
352.5	52.974173641606065	52.54627129122803	52.05874916018106
353.0	52.94548204158795	52.51706591634048	52.0289531594289
353.5	52.89380042734319	52.464959238955316	51.976357810175976
354.0	52.81958923346431	52.390415320769996	51.901431364850204
354.5	52.723510796836656	52.29409965253377	51.80484295588041
355.0	52.60642272238107	52.176872470549185	51.68745585641145
355.5	52.46936888754056	52.0397797070127	51.550318367061486
356.0	52.31356822171048	51.8840417107203	51.3946524687366
356.5	52.1404014401264	51.71103992036757	51.2218404268089
357.0	51.95139595078832	51.522301712549435	51.033409570702126
357.5	51.74820918791163	51.319483679320385	50.831015508301014
358.0	51.532610655191675	51.10435362295622	50.61642406548425
358.5	51.3064629791068	50.87877157066897	50.391492257161225
359.0	51.071702288093874	50.644670127457054	50.158148611114356
359.5	50.830318232090605	50.40403448433292	49.918373164389436
360.0	50.584333961875735	50.15888240296993	49.674177455264925
360.5	50.335786359224024	49.911244468666645	49.42758480426669
361.0	50.08670680415426	49.66314489969882	49.18061117185233
361.5	49.839102731026614	49.41658316154716	48.93524684238216
362.0	49.594940193862286	49.17351660892549	48.693439154474056
362.5	49.35612762533731	48.935844336644	48.45707645829251
363.0	49.12450093656097	48.70539238399672	48.22797344117938
363.5	48.90181006270421	48.483900395854626	48.007857921802284
364.0	48.689707020041276	48.27300980353524	47.79835917343057
364.5	48.48973550277605	48.074253549951585	47.600997796486
365.0	48.303322011886095	47.88904734833058	47.41717712664961
365.5	48.13176847363386	47.71868243112409	47.248176132054084
366.0	47.976246285509184	47.56431971982052	47.09514372616889
366.5	47.83779169448684	47.42698532477782	46.95909440601301
367.0	47.717302407646	47.30756726579712	46.8409050969442
367.5	47.61553531548597	47.20681329798196	46.74131309691793
368.0	47.533105206829845	47.12532971735766	46.66091498418255
368.5	47.47048435403857	47.063581025044606	46.60016637150072
369.0	47.42800284957403	47.02189033095085	46.55938238557506
369.5	47.40584958632938	47.00044038821447	46.53873876354422
370.0	47.40407378322978	46.999275161066805	46.538273466953896
370.5	47.4225869747635	47.018301844536786	46.55788873694264
371.0	47.46116539692692	47.05729326894366	46.59735351794017
371.5	47.51945272262736	47.11589064343579	46.65630621067019
372.0	47.596963114693104	47.193606606494725	46.73425771928083
372.5	47.69308458492634	47.2898285735509	46.830594785657446
373.0	47.80708266297496	47.40382238568163	46.94458361394614
373.5	47.938104394925176	47.53473627999639	47.075373809527484
374.0	48.0851827049852	47.68160521604907	47.22200266453348
374.5	48.247241165275824	47.84335560400915	47.38339983853162
375.0	48.423099227124894	48.018810488589715	47.55839248823808
375.5	48.61147797261566	48.20669524812914	47.74571090679063
376.0	48.81100644991724	48.405643872795444	47.94399473704914
376.5	49.020228650806395	48.61420588165098	48.15179981970654
377.0	49.2376111907886	48.83085393914599	48.36760573741897
377.5	49.46155174032128	49.05399222035976	48.589824104877536
378.0	49.6903882470522	49.281965565899974	48.81680764726076
378.5	49.922408975225494	49.51306945335732	49.04686009425053
379.0	50.155863371877274	49.74556079552604	49.27824690160049
379.5	50.38897375039949	49.977669557458015	49.509206791535846
380.0	50.61994776150999	50.2076111625101	49.73796408575772
380.5	50.84699159605969	50.433599634468294	49.962741778390566
381.0	51.06832384742738	50.65386140023724	50.18177527040677
381.5	51.28218992593425	50.86664965182994	50.39332667337799
382.0	51.48687690272259	51.07025914211168	50.59569954791114
382.5	51.680728634721696	51.26304126652703	50.78725393809622
383.0	51.862160998389925	51.443419260067	50.966421525663364
383.5	52.029677043206384	51.60990331961436	51.131720716816204
384.0	52.18188186056498	51.761105447310435	51.28177145614184
384.5	52.317496949041086	51.895753795223825	51.41530954764283
385.0	52.43537385354311	52.01270628871807	51.53120025900722
385.5	52.53450685055911	52.11096329807628	51.628450978054516
386.0	52.61404445565509	52.1896791359324	51.706222696879856
386.5	52.67329954153906	52.24817216447487	51.76384010671281
387.0	52.7117578645643	52.28593331087367	51.80080009996495
387.5	52.7290848191198	52.30263281062522	51.816778497724606
388.0	52.7251302774934	52.29812502789121	51.81163485030938
388.5	52.69993137476504	52.27245122179347	51.785415178742824
389.0	52.653713171850114	52.2258401827648	51.73835258027257
389.5	52.5868871314247	52.15870667733717	51.67086563615122
390.0	52.500047408906916	52.07164770120641	51.58355462120214
390.5	52.3939649842179	51.96543657176949	51.47719554775266
391.0	52.26957972062176	51.84101493576421	51.352732119311106
391.5	52.12799045016344	51.69948281048938	51.21126571610334
392.0	51.97044325276503	51.54208681225326	51.05404356707239
392.5	51.79831811103026	51.37020676309801	50.882445301008154
393.0	51.61311415775434	51.18534089452965	50.69796810049522
393.5	51.41643375771593	50.989089891434205	50.502210702598056
394.0	51.2099656855171	50.78314004010952	50.29685651375844
394.5	50.995467663971695	50.56924574818762	50.08365610922364
395.0	50.77474854026052	50.349211714823575	49.864409396828655
395.5	50.54965037082729	50.12487502244146	49.64094771884934
396.0	50.32203067143776	49.898087410544846	49.41511615273029
396.5	50.09374508221988	49.67069797759924	49.18875625741155
397.0	49.86663066557268	49.44453653203347	48.96368948680712
397.5	49.64249003611192	49.22139778973463	48.74170146414127
398.0	49.42307648856272	49.0030265816837	48.524527283165426
398.5	49.21008025746354	48.79110420511156	48.3138379651274
399.0	49.00511600968973	48.587236017124326	48.111228167858165
399.5	48.809711637905515	48.39294033523104	47.9182052111564
400.0	48.62529838841406	48.20963867743285	47.736179445073034
400.5	48.453202327021806	48.03864734368832	47.56645596244939
401.0	48.294637125716434	47.88117031356234	47.41022762696081
401.5	48.15069811402694	47.73829341068794	47.26856936446402
402.0	48.02235753649551	47.61097966604968	47.142433647718605
402.5	47.91046093208041	47.5000657967574	47.032647088981754
403.0	47.81572454296055	47.406259706855096	46.93990804523006
403.5	47.738733656097	47.330138911334295	46.864785136207765
404.0	47.679941777793076	47.27214978302818	46.807716573713066
404.5	47.6396705435692	47.232607525534334	46.769010204895785
405.0	47.61811027428793	47.21169677930446	46.74884417680953
405.5	47.61532109434136	47.20947278107251	46.74726814076023
406.0	47.63123454178968	47.225863003718466	46.76420492653896
406.5	47.665655612787155	47.26066922054705	46.79945262820807
407.0	47.71826519711285	47.31356995063352	46.8526870607135
407.5	47.78862287428398	47.384123255437544	46.92346455635895
408.0	47.8761700572411	47.47176987461027	47.01122509174287
408.5	47.980233481561285	47.57583669928339	47.11529574178668
409.0	48.100029054323045	47.69554059744775	47.23489447878077
409.5	48.234666084147456	47.829992613657154	47.369134337302334
410.0	48.383151925280764	47.978202578248585	47.517027982918314
410.5	48.54439707975123	48.13908416630368	47.677492722422755
411.0	48.71722079589083	48.31146045078717	47.84935600500807
411.5	48.900357215916884	48.49406999941575	48.03136146149284
412.0	49.09246211474544	48.685573559629944	48.2221755270651
412.5	49.29212027579151	48.8845613774367	48.420394697398926
413.0	49.49785353836226	49.089561185121084	48.62455344713805
413.5	49.708129542198634	49.299046886672244	48.83313284571791
414.0	49.92137118927008	49.51144795734184	49.044569890660036
414.5	50.135966819148145	49.72515955842529	49.25726755055791
415.0	50.35028108660232	49.93855335472048	49.469605514139815
415.5	50.56266650509348	50.14998899870517	49.679951609837694
416.0	50.77147560771278	50.35782623655362	49.88667384483618
416.5	50.975073649807086	50.560437556734	50.08815299537132
417.0	51.17185175961554	50.75622129243018	50.2827956528953
417.5	51.36024042813222	50.943615064477214	50.46904761470175
418.0	51.53872319765726	51.12110943140823	50.645407488596014
418.5	51.705850405955246	51.28726159638994	50.81044035844666
419.0	51.86025281280859	51.44070900362664	50.96279134545424
419.5	52.00065493464421	51.58018264638547	51.10119888549232
420.0	52.12588789313534	51.704519893278295	51.22450752988072
420.5	52.234901590507235	51.81267664497466	51.33168008035397
421.0	52.32677600694521	51.903738615512474	51.42180885125052
421.5	52.400731434747065	51.976931552337575	51.49412587311958
422.0	52.45613746168039	52.0316302058298	51.548011845636715
422.5	52.492520532854115	52.06736587756517	51.583003669449404
423.0	52.50956993937333	52.08383239336854	51.59880040057783
423.5	52.50714210182861	52.0808903689572	51.59526749481501
424.0	52.485263044425714	52.05856966308508	51.57243923581171
424.5	52.444128987083076	52.0170699446775	51.53051927280387
425.0	52.38410501162822	51.95675932998906	51.46987922437889
425.5	52.305721797517975	51.87817108572189	51.39105534209995
426.0	52.20967045319575	51.78199842396848	51.29474326404827
426.5	52.0967955096295	51.669087456544695	51.18179092356059
427.0	51.96808617385037	51.54042840821396	51.05318971588286
427.5	51.82466597226967	51.39714521932759	50.91006405394348
428.0	51.66778094616757	51.24048370276565	50.7536594809736
428.5	51.49878658393394	51.07179844078006	50.585329527138704
429.0	51.31913369702796	50.89253863142978	50.406521522332845
429.5	51.130353461053666	50.70423310721089	50.21876158974768
430.0	50.93404185626802	50.50847476246244	50.02363905885343
430.5	50.73184374083184	50.306904624067656	49.822790534053
431.0	50.52543679325669	50.101195803418975	49.61788385798283
431.5	50.316515550014685	49.89303755506726	49.41060219615159
432.0	50.10677575223716	49.68411965839366	49.20262845904389
432.5	49.897899198065225	49.47611731746538	48.99563025720564
433.0	49.69153927696638	49.270676753861835	48.791245562844296
433.5	49.48930733409426	49.06940164203737	48.5910692266742
434.0	49.29275999119371	48.87384051006376	48.39664047132229
434.5	49.10338751845193	48.685475199591636	48.209431452765195
435.0	48.92260332510268	48.5057104508353	48.03083695368396
435.5	48.751734610424016	48.33586465148647	47.86216524563133
436.0	48.59201418634638	48.17716176020046	47.70463012740324
436.5	48.44457346591401	48.03072439491895	47.55934412844069
437.0	48.310436585227954	47.897568053411476	47.427312841981426
437.5	48.19051561106542	47.778596415713544	47.309430335754314
438.0	48.08560677443372	47.674597666675716	47.20647557642855
438.5	47.996387656911004	47.58624176526207	47.11910979325951
439.0	47.9234152532425	47.51407858214012	47.04787470112569
439.5	47.86712482982064	47.458536824531954	46.99319150102833
440.0	47.82782949838024	47.41992366813617	46.95536057776223
440.5	47.80572043306509	47.39842502113712	46.93456181762682
441.0	47.80086765639834	47.39410634991298	46.93085547851464
441.5	47.81322133837945	47.40691400683787	46.944183550557945
442.0	47.84261355533101	47.436677009319126	46.974371557632324
442.5	47.888760470549066	47.48310923196778	47.02113076198787
443.0	47.951264909072904	47.5458119836326	47.084060744141446
443.5	48.02961930979749	47.62427695469012	47.16265234407374
444.0	48.12320905186427	47.71788953109415	47.256290960583286
444.5	48.2313161604442	47.82593248043221	47.36426021514079
445.0	48.35312340653806	47.947590026207585	47.485745996674424
445.5	48.487718825388754	48.08195233484166	47.61984091276767
446.0	48.634100680419415	48.228020443485555	47.76554917571748
446.5	48.79118290725974	48.38471166230911	47.92179195810365
447.0	48.9578010688388	48.55086548534228	48.08741325242501
447.5	49.13271885762598	48.72525004422722	48.261186269844984
448.0	49.31463517319687	48.906569134948484	48.441820408987816
448.5	49.50219180034216	49.09346984287499	48.62796882058752
449.0	49.693981703525154	49.28455078283456	48.818236585688574
449.5	49.88855794338368	49.47837096051007	49.01118951436431
450.0	50.084443210523084	49.6734592511299	49.20536356163765
450.5	50.28013995550818	49.86832447495112	49.3992748409226
451.0	50.47414108012275	50.06146603543741	49.59143020181351
451.5	50.66494113781568	50.251385068081724	49.78033832051808
452.0	50.851047974149935	50.43659603297022	49.9645212369615
452.5	51.030994721463586	50.61563866321336	50.14252625158115
453.0	51.20335204462724	50.787090168995505	50.312938081026395
453.5	51.3667405167065	50.94957757471108	50.47439115183664
454.0	51.519842992430256	51.10179005835677	50.62558190039296
454.5	51.66141683153497	51.242491144190026	50.765280930840724
455.0	51.79030581459069	51.37053059214119	50.89234487369706
455.5	51.905451586822274	51.48485581837649	51.005727779789694
456.0	52.00590446164675	51.58452267847808	51.10449187984779
456.5	52.09083341480941	51.66870544368053	51.187817539743165
457.0	52.1595351030577	51.73670580331629	51.25501224359606
457.5	52.21144175129855	51.78796073592932	51.30551844656305
458.0	52.24612776279362	51.82204910406203	51.338920150707104
458.5	52.26331492096072	51.83869683918324	51.35494807024577
459.0	52.26287607444887	51.83778060846907	51.353483276575744
459.5	52.244837218339974	51.81932987547259	51.334559234768484
460.0	52.209377909822	51.78352729272359	51.298362168752064
460.5	52.15682998611303	51.73070739352423	51.24522972282311
461.0	52.08767458072969	51.66135357956277	51.175647915732924
461.5	52.002537464907164	51.5760934318329	51.09024641598904
462.0	51.902182772337646	51.47569240273092	50.98979219620183
462.5	51.7875051928697	51.361045976915015	50.87518165595062
463.0	51.659520749927395	51.23317041610892	50.7474313292565
463.5	51.51935629928674	51.09319222772281	50.60766731823825
464.0	51.36823791068258	50.94233651926893	50.45711361699051
464.5	51.20747831076164	50.78191441940514	50.29707950733417
465.0	51.038463576666864	50.61330975592854	50.12894621955866
465.5	50.86263928171312	50.437965193031694	49.954153061676045
466.0	50.68149629385302	50.257368033979475	49.77418322318067
466.5	50.49655643553332	50.07303588707713	49.59054945550435
467.0	50.30935819154557	49.88650239820628	49.404779829375755
467.5	50.12144265521419	49.6993032292338	49.21840375098331
468.0	49.93433988546672	49.51296245666523	49.032938410513296
468.5	49.749555823486226	49.328979542602085	48.849875814222024
469.0	49.56855990767221	49.1488170088987	48.67067053079505
469.5	49.3927734882076	48.97388892604559	48.49672826065443
470.0	49.22355914133592	48.80555030021527	48.32939531251133
470.5	49.06221093383771	48.64508742318636	48.169949047366586
471.0	48.909945688372694	48.4937092221359	48.0195893272024
471.5	48.76789526449847	48.35253962759041	47.87943098372576
472.0	48.637099851748445	48.22261095643967	47.75049730192608
472.5	48.51850226096973	48.1048582885499	47.63371449595782
473.0	48.4129431761635	48.00011480237104	47.529907140295386
473.5	48.32115732172316	47.909108021701336	47.43979450719925
474.0	48.24377048989957	47.83245691694274	47.363987752314586
474.5	48.18129736831442	47.77066980036401	47.30298788697239
475.0	48.13414010314032	47.7241429497046	47.25718447066738
475.5	48.10258753220372	47.69315989427205	47.22685495727764
476.0	48.086815032259224	47.67789130698547	47.212164637972755
476.5	48.086884919662396	47.678395441440465	47.21316711980859
477.0	48.102747355149916	47.694619065709155	47.22980529181587
477.5	48.13424171276585	47.72639885165695	47.26191273732188
478.0	48.18109837970902	47.773463186916814	47.309215559927395
478.5	48.242940962675256	47.83543438660297	47.37133460071801
479.0	48.31928888832368	47.91183129124197	47.44778803337856
479.5	48.409560391328405	48.002072247470096	47.53799433493875
480.0	48.51307589970296	48.105478475679014	47.64127563514247
480.5	48.62906182217167	48.221277837368326	47.75686146001078
481.0	48.756654759300794	48.34860902029414	47.883892886773694
481.5	48.894906162413676	48.486526166165596	48.02142713566509
482.0	49.04278746582305	48.63400396559893	48.16844262407144
482.5	49.199195715683985	48.789943250301896	48.32384451447423
483.0	49.36295973029832	48.95317710754319	48.48647077872756
483.5	49.53284680517138	49.12247754203823	48.65509880974089
484.0	49.70756998884078	49.29656270424668	48.82845259479717
484.5	49.88579594104034	49.47410469710075	49.0052104664294
485.0	50.06615336878635	49.65373796398958	49.184013433556366
485.5	50.24724203887321	49.83406825064303	49.36347408587374
486.0	50.42764234566633	50.01368212217768	49.542186053923274
486.5	50.605925396796216	50.19115700069873	49.71873399052063
487.0	50.780663575940196	50.36507167702088	49.891704028069235
487.5	50.95044150178407	50.534017231724775	50.05969464737194
488.0	51.113867337268736	50.69660828855896	50.22132788115829
488.5	51.26958431144743	50.851494506755735	50.37526076036585
489.0	51.41628238578189	50.99737220346403	50.52019689308986
489.5	51.5527099162644	51.13299598404035	50.65489805563327
490.0	51.67768519290783	51.25719024861491	50.77819566292394
490.5	51.790107705553226	51.36886043064397	50.889001974494846
491.0	51.888968990231305	51.46700381752798	50.98632088561605
491.5	51.97336290113618	51.5507197976494	51.069258147465405
492.0	52.04249515041453	51.61921938154803	51.13703086330476
492.5	52.09569196789384	51.671833839689775	51.18897610283938
493.0	52.132407730826934	51.70802231285834	51.22455848946515
493.5	52.15223142820878	51.72737825680827	51.24337662183345
494.0	52.154891836392686	51.729634598169	51.24516820559507
494.5	52.14026130044824	51.714667492122494	51.22981378536646
495.0	52.10835803540007	51.68249860149088	51.19733899607924
495.5	52.05934688098958	51.63329582533286	51.14791526148614
496.0	51.99353847541614	51.56737244481881	51.08185890746081
496.5	51.91138683498424	51.48518467252444	50.99962867642656
497.0	51.81348535492017	51.38732762199809	50.90182166045664
497.5	51.700561273851406	51.274529740619066	50.78916769685471
498.0	51.573468679670725	51.14764578208901	50.66252230300784
498.5	51.433180145091406	51.007648410930024	50.522858245057265
499.0	51.280777121341174	50.855618567052105	50.37125586909744
499.5	51.11743922986283	50.69273473237766	50.208892338888
500.0	50.94443261321854	50.52026126121638	50.03702994307722
500.5	50.763097521259844	50.33953595241393	49.85700365216791
501.0	50.574835317529214	50.15195704892592	49.67020811034436
501.5	50.38109509689311	49.958969857480945	49.47808425897035
502.0	50.183360104456504	49.76205318066523	49.2821057823613
502.5	49.983134149647746	49.56270575013117	49.083765566266514
503.0	49.78192818983524	49.36243284357554	48.88456235181448
503.5	49.581247259725274	49.16273325416762	48.68598775324966
504.0	49.382577892683265	48.96508676428209	48.48951379087893
504.5	49.18737617934248	48.77094226300239	48.296581077567275
505.0	48.99705657347008	48.58170661932308	48.10858776985239
505.5	48.81298154294431	48.39873440717854	47.926879377701724
506.0	48.63645213730321	48.22331855122795	47.75273950088988
506.5	48.468699522967526	48.05668194428525	47.58738154044285
507.0	48.31087751454348	47.89997006190445	47.43194140907887
507.5	48.164056110881624	47.754244582153945	47.28747124683228
508.0	48.029216026337	47.62047799884363	47.154934128337885
508.5	47.90724419019123	47.499549200823715	47.03519973244981
509.0	47.798930177746726	47.39223997635197	46.92904093237222
509.5	47.70496351780453	47.29923239229137	46.83713125410594
510.0	47.625931824896504	47.22110698819423	46.76004314279856
510.5	47.56231968859154	47.15834172236414	46.69824697297548
511.0	47.514508255899074	47.111311604041774	46.65211073638662
511.5	47.48277544433685	47.080288946353704	46.62190034170996
512.0	47.46729671854871	47.06544417687356	46.607780462964016
512.5	47.46814637354776	47.06684714904695	46.609815881150766
513.0	47.48529927936768	47.08446889996255	46.62797325874299
513.5	47.51863302682453	47.11818381063426	46.662123316335645
514.0	47.567930449170206	47.167772129712695	46.71204335700607
514.5	47.632882481783966	47.23292283127428	46.77742012221554
515.0	47.713091339515955	47.31323678393844	46.8578529517443
515.5	47.80807399746769	47.408230216012875	46.9528572299958
516.0	47.91726596223644	47.51733846863848	47.06186811905851
516.5	48.040025333144236	47.639920033769556	47.18424456957382
517.0	48.175637154320626	47.7752608787757	47.319273613970374
517.5	48.32331806100628	47.92257906198126	47.46617494799712
518.0	48.48222122557967	48.081029646518346	47.62410580607962
518.5	48.65144161134049	48.249709918257786	47.79216613952412
519.0	48.83002153603037	48.42766491375681	47.96940410187529
519.5	49.01695655298554	48.61389326132329	48.15482184806842
520.0	49.2112016401674	48.80735333315227	48.347381641910275
520.5	49.41167769608774	49.00696970251019	48.54601226965214
521.0	49.61727832699902	49.21163989268971	48.74961574565369
521.5	49.82687690430486	49.4202413975661	48.95707428949517
522.0	50.03933386476536	49.63163894504266	49.16725755230869
522.5	50.25350421306028	49.84469196697675	49.37903004270694
523.0	50.46824518651546	50.05826223010882	49.5912587253562
523.5	50.68242402074304	50.27122157425895	49.80282072314705
524.0	50.89492576181691	50.48245969601919	50.0126110722588
524.5	51.10466104977329	50.69089190904707	50.21955045386888
525.0	51.31057380058417	50.89546680519201	50.42259283181379
525.5	51.5116487068023	51.09517373669734	50.62073291321275
526.0	51.70691846986053	51.289050035284504	50.813013355101646
526.5	51.895470683190126	51.476187880423325	50.99853161229914
527.0	52.07645427356383	51.655740733940945	51.17644636374446
527.5	52.24908542358133	51.82692925381228	51.34598341948663
528.0	52.41265288811101	51.98904660585592	51.50644102429482
528.5	52.56652263440751	52.14146309977345	51.657194489410124
529.0	52.710141734350195	52.283630078895044	51.79770007842587
529.5	52.843041451836875	52.41508300544191	51.92749809031293
530.0	52.96483947630449	52.535443691368215	52.04621508640684
530.5	53.07524126180909	52.64442163537986	52.15356522472599
531.0	53.17404045048456	52.74181444332625	52.2493506758244
531.5	53.261118364017435	52.827507315151	52.333461104682385
532.0	53.336442565222505	52.901471601397	52.405872220655006
532.5	53.40006450206741	52.96376244091975	52.46664340696959
533.0	53.452116260730634	53.01451550610984	52.515914457069094
533.5	53.49280646475913	53.05394289351999	52.553901454909045
534.0	53.522415368885106	53.08232820833008	52.58089184794694
534.5	53.54128920543285	53.100020901237095	52.59723877326104
535.0	53.54983385135407	53.10742992634805	52.603354704136414
535.5	53.54850788900667	53.10501679295883	52.599704492120175
536.0	53.53781513915217	53.09328809137682	52.586797883810895
536.5	53.51829675175889	53.072787578733404	52.56518159934521
537.0	53.49052293981784	53.04408790868853	52.535431060141136
537.5	53.45508444011475	53.00778209521523	52.498141864281386
538.0	53.41258379632302	52.964474796371434	52.45392104918108
538.5	53.363626541089815	52.91477350601521	52.403378312803305
539.0	53.30881236791999	52.85927973724644	52.34711720575122
539.5	53.24872637137668	52.798580278666144	52.285726406277334
540.0	53.1839304341147	52.73323860216295	52.21977115187804
540.5	53.11495483575261	52.663786496340194	52.14978490157356
541.0	53.04229015416831	52.59071599631115	52.0762612985971
541.5	52.96637952677525	52.514471676823185	51.999646500557155
542.0	52.88761133604819	52.43544337233894	51.920331939448936
542.5	52.80631238019719	52.35395938449303	51.838647571565964
543.0	52.72274158907599	52.27028023559279	51.75485567471849
543.5	52.637084340724876	52.18459302362923	51.66914524744068
544.0	52.5494474362127	52.09700643457267	51.581627064627355
544.5	52.45985478781721	52.007546466476235	51.492329443044376
545.0	52.368243876069116	51.91615291984891	51.40119477002505
545.5	52.27446303257492	51.822676709784105	51.30807685002205
546.0	52.17826960497784	51.726878056503445	51.212739123679064
546.5	52.07932906415207	51.628425611867065	51.11485381717937
547.0	51.97721511462177	51.52689658113467	51.014002077829474
547.5	51.871410864573704	51.4217779002647	50.90967515892084
548.0	51.76131112454172	51.312468531565614	50.80127671244668
548.5	51.64622588708658	51.19828293233264	50.68812624538589
549.0	51.52538505791227	51.07845576618903	50.56946380844659
549.5	51.39794448536401	50.952147903304876	50.44445596291223
550.0	51.26299334594007	50.818453767250254	50.312203083618535
550.5	51.119562925109456	50.676410067804255	50.17174803698822
551.0	50.966636827999736	50.525005954428515	50.022086269000425
551.5	50.80316263676774	50.36319460747352	49.86217732098718
552.0	50.628065013242576	50.18990626643237	49.69095777340899
552.5	50.44026022612432	50.00406267495145	49.50735559625902
553.0	50.23867204929896	49.804592890201135	49.31030585729692
553.5	50.022248953229656	49.59045037926284	49.098767710057224
554.0	49.78998246960432	49.36063128421021	48.871742544903576
554.5	49.54092657227657	49.11419369951009	48.6282931482756
555.0	49.27421787421032	48.85027776316436	48.36756367299962
555.5	48.989096393108696	48.56812631522444	48.08880017420236
556.0	48.68492658895761	48.267105828435895	47.79137141791419
556.5	48.36121833101071	47.94672726971813	47.4747896218191
557.0	48.01764740770368	47.606666507237065	47.13873074506539
557.5	47.65407514532375	47.24678383033535	46.78305389494819
558.0	47.270566671605465	46.867142119643496	46.40781939048559
558.5	46.86740733498413	46.46802317960636	46.01330499550498
559.0	46.44511677471995	46.049941729716366	45.600019819685066
559.5	46.00446014580506	45.613656559971076	45.168715395253656
560.0	45.54645601873348	45.16017837367907	44.72039345407541
560.5	45.072380527995534	44.69077388878407	44.25630997541359
561.0	44.58376739511504	44.206965831402364	43.7779751464681
561.5	44.08240355550362	43.71052854906939	43.28714895942407
562.0	43.57032022481168	43.20347908151926	42.78583228837143
562.5	43.04977937414083	42.68806366237105	42.27625342128988
563.0	42.52325573477619	42.16673977309229	41.7608501703717
563.5	41.99341461512431	41.64215403340304	41.242247847181126
564.0	41.46308597622218	41.11711637638812	40.72323355153211
564.5	40.935235373537346	40.59457111523676	40.20672738175226
565.0	40.4129325168564	40.07756565395625	39.695751317138075
565.5	39.89931832373043	39.56921771436065	39.19339664385967
566.0	39.39757142629783	39.07268203672021	38.70279087724013
566.5	38.91087513954554	38.59111755686321	38.227065175827796
567.0	38.44238590217557	38.12765606585188	37.769323251628535
567.5	37.99520414771568	37.68537330226873	37.332612714016776
568.0	37.57234847196059	37.26726333618648	36.91989969962638
568.5	37.17673382686772	36.87621696681313	36.534047503250186
569.0	36.81115429797704	36.51500468372119	36.17779974444141
569.5	36.47827083269306	36.18626455117181	35.853768432853734
570.0	36.18060408132785	35.89249517271002	35.56442707024205
570.5	35.920532313498065	35.63605369380309	35.312108749992376
571.0	35.70029419037079	35.4191586190072	35.09900902622498
571.5	35.5219960054581	35.24389705914824	34.92719316452402
572.0	35.38762289157588	35.11223589980429	34.798607268609814
572.5	35.29905338365302	35.02603629161517	34.71509268523828
573.0	35.25807668858879	34.98707081083383	34.67840303924958
573.5	35.26641198737599	34.99704262151152	34.69022323615653
574.0	35.32572910902037	35.0576059846714	34.7521897829457
574.5	35.43766995678641	35.170387499257046	34.86591181717921
575.0	35.60387012503195	35.33700751858966	35.03299229482224
575.5	35.825980216508064	35.55910125740871	35.255048857268314
576.0	36.10568644914658	35.8383391825224	35.53373397536701
576.5	36.44473022148234	36.176446360333486	35.87075404852329
577.0	36.84492638571403	36.575220514270335	36.26788721455827
577.5	37.308180056370226	37.036548620436555	36.72699970747083
578.0	37.836501847884584	37.56242194046912	37.25006065011081
578.5	38.432021510213154	38.15494945913025	37.839155268915384
579.0	39.09699998943547	38.81636975721513	38.49649655285513
579.5	39.83384000645296	39.54906141251578	39.22443545080728
580.0	40.645095307509145	40.355552084161125	40.02546976613268
580.5	41.533478803746284	41.23852649848254	40.90225196676523
581.0	42.501869883398804	42.20083362038067	41.85759619535873
581.5	43.55332124540362	43.24549336117209	42.894484833055735
582.0	44.69106567333298	44.37570324289213	44.01607503831126
582.5	45.91852323403789	45.59484550559003	45.22570574860109
583.0	47.23930944471335	46.90649520517086	46.52690569811366
583.5	48.657245000184574	48.31442989749001	47.92340305341989
584.0	50.17636767622614	49.82264153129583	49.419137290437455
584.5	51.800947018419265	51.4353511675231	51.018273948060596
585.0	53.53550236990482	53.15702709086801	52.725222833056556
585.5	55.38482467456228	54.992406765851435	54.544660148370205
586.0	57.35400229187411	56.94652289611236	56.48155482797844
586.5	59.44845075856177	59.024733551556814	58.5411990771374
587.0	61.67394600794712	61.23275591349293	60.729242712502234
587.5	64.03665999025205	63.57670263333052	63.05173035708043
588.0	66.54319691086765	66.06311908847739	65.51513984943001
588.5	69.20062740498011	68.6990189408414	68.1264193710328
589.0	72.01651689826028	71.49191435688799	70.89301977514407
589.5	74.99894317899385	74.44983605071377	73.82291743367814
590.0	78.15649685914933	77.58133699633996	76.92462163874146
590.5	81.49825699716568	80.89547228398817	80.20715926459782
591.0	85.03373276275785	84.40174624085327	83.68002808288625
591.5	88.7727607562786	88.11001670604433	87.3531089362762
592.0	92.7253465406907	92.03034532828087	91.23652599249657
592.5	96.90143819759868	96.17278203267176	95.34044360666358
593.0	101.31061933995245	100.5470714308007	99.67478795606573
593.5	105.9617090344512	105.16226894745014	104.24888158768746
594.0	110.86225652567977	110.02625481156848	109.07097932130192
594.5	116.01791954012872	115.14513481837436	114.14769456954816
595.0	121.43171636004182	120.52251796668455	119.48330609449992
595.5	127.10314394821663	126.15866283537797	125.07893661068599
596.0	133.02715742334289	132.0494870983267	130.93159664024836
596.5	139.19301046146208	138.18543818068244	137.03308988065464
597.0	145.58296213255113	144.55022810167222	143.36878039004588
597.5	152.17086368836794	151.11944242218107	149.91622750019621
598.0	158.92064929228408	157.85904232131435	156.6437019362838
598.5	165.78476793889598	164.7237905274023	163.50860656886556
599.0	172.70261000238503	171.65564639575103	170.45583794033269
599.5	179.59900089866687	178.58219299229756	177.4161405580972
600.0	186.38285580808662	185.41517951353322	184.30452520052773