0
50.25
54.154
48.374
45.392
44.431
45.26
47.537
50.687
53.898
56.229
56.896
55.621
52.805
49.371
46.343
44.478
44.128
45.293
47.684
50.753
53.727
55.746
56.145
54.76
52.044
48.878
46.192
44.646
44.532
45.813
48.181
51.083
53.772
55.461
55.592
54.097
51.465
48.535
46.147
44.876
44.959
46.324
48.646
51.372
53.785
55.171
55.071
53.497
50.963
48.26
46.147
45.123
45.374
46.8
49.06
51.605
53.754
54.864
54.567
52.945
50.522
48.041
46.185
45.388
45.787
47.258
49.448
51.815
53.715
54.574
54.105
52.446
50.123
47.835
46.198
45.584
46.094
47.582
49.689
51.89
53.587
54.282
53.757
52.189
50.083
48.071
46.694
46.263
46.834
48.227
50.056
51.787
52.854
52.843
51.677
49.68
47.463
45.686
44.859
45.261
46.957
49.837
53.621
57.859
61.936
65.122
66.665
65.936
62.578
56.676
48.882
40.411
32.731
26.984
23.584
22.429
23.429
26.918
33.869
45.792
64.058
89.598
125.3
177.46
245.52
299.87
268.2
110.13
17.873
10.608
10.127
12.2
17.982
31.616
58.165
96.432
145.12
215.26
308.38
377.92
314.7
91.194
15.144
10.531
10.471
13.079
20.221
37.036
67.929
109.63
163.64
242.39
338.78
386.56
269.36
48.927
13.052
10.327
10.936
14.444
23.564
44.039
78.461
122.69
182.33
268.41
361.62
376.17
205.6
26.943
11.777
10.254
11.548
16.156
27.708
52.063
89.517
136.62
202.84
295.01
378.55
350.49
137.45
18.232
10.99
10.356
12.376
18.342
32.808
61.069
101.14
151.93
225.43
321.41
387.43
309.02
78.525
14.542
10.524
10.633
13.47
21.127
38.961
70.94
113.4
168.95
249.92
346.11
385.6
252.8
40.792
12.637
10.296
11.095
14.89
24.649
46.204
81.531
126.51
187.93
275.89
367.1
370.56
186.34
23.613
11.516
10.266
11.758
16.719
29.043
54.505
92.733
140.78
209
302.53
381.98
340.42
119.29
16.895
10.831
10.416
12.655
19.06
34.431
63.768
104.52
156.54
232.14
328.62
388.11
294.57
65.478
13.889
10.438
10.744
13.834
22.038
40.891
73.856
117
174.09
257.12
352.49
382.8
234.81
34.271
12.264
10.268
11.26
15.36
25.792
48.438
84.628
130.4
193.65
283.37
372.02
363.65
166.96
21.071
11.288
10.29
11.985
17.321
30.456
57.022
95.991
145.06
215.31
309.99
384.71
329.07
102.19
15.825
10.695
10.49
12.956
19.828
36.14
66.532
