0
50.25
54.154
48.374
45.392
44.431
45.26
47.537
50.687
53.898
56.229
56.896
55.621
52.805
49.371
46.343
44.478
44.128
45.293
47.684
50.753
53.727
55.746
56.145
54.76
52.044
48.878
46.192
44.646
44.532
45.813
48.181
51.083
53.772
55.461
55.592
54.097
51.465
48.535
46.147
44.877
44.959
46.324
48.646
51.371
53.784
55.17
55.069
53.496
50.962
48.259
46.146
45.124
45.376
46.803
49.065
51.611
53.762
54.873
54.575
52.952
50.525
48.039
46.178
45.374
45.767
47.232
49.416
51.779
53.679
54.544
54.089
52.453
50.16
47.903
46.294
45.705
46.233
47.729
49.828
51.997
53.628
54.213
53.54
51.804
49.54
47.412
45.978
45.563
46.237
47.843
50.034
52.314
54.136
55.037
54.806
53.562
51.707
49.764
48.185
47.223
46.884
46.938
46.999
46.643
45.611
43.985
42.23
41.024
41.025
42.757
46.654
53.185
62.946
76.688
95.142
118.29
143.44
161.8
156.28
110.4
43.967
15.389
10.919
11.126
13.742
19.819
32.664
56.268
90.577
135.07
198.83
285.01
356.4
315.85
112.66
16.586
10.608
10.255
12.506
18.841
33.961
62.844
103.14
154.6
229.33
325.09
385.55
295.82
67.824
13.97
10.422
10.693
13.727
21.803
40.412
73.136
116.1
172.8
255.33
350.87
383.27
238.75
35.581
12.337
10.269
11.218
15.248
25.525
47.923
83.92
129.51
192.33
281.66
370.93
365.28
171.29
21.583
11.336
10.283
11.932
17.182
30.131
56.449
95.254
144.08
213.88
308.32
384.16
331.73
105.92
16.046
10.723
10.472
12.886
19.651
35.749
65.905
107.18
160.21
237.46
334.09
388.02
282.58
56.667
13.454
10.383
10.84
14.135
22.787
42.446
76.154
119.83
178.18
262.76
357.21
379.87
220.38
30.234
12.008
10.257
11.399
15.747
26.729
50.227
87.06
133.48
198.2
289.19
375.47
357.45
152.07
19.513
11.131
10.319
12.175
17.818
31.607
59.024
98.549
148.46
220.32
315.73
386.31
319.42
89.873
15.136
10.603
10.558
13.206
20.461
37.524
68.718
110.66
165.07
244.43
340.96
387.04
266.18
47.008
12.967
10.327
10.978
14.548
23.81
44.53
79.164
123.56
183.61
270.13
362.95
375.08
201.33
26.117
11.716
10.256
11.595
16.28
28.003
52.606
90.238
137.55
204.22
296.71
379.39
348.34
133.3
17.904
10.952
10.368
12.437
18.499
33.165
61.67
101.89
152.96
226.92
323.05
387.66
305.88
75.432
