   0.0000000e+00   0.0000000e+00   0.0000000e+00
   1.0000000e+00   6.9400000e+02   0.0000000e+00
   2.0000000e+00   1.5150000e+03   0.0000000e+00
   3.0000000e+00   1.5950000e+03   2.0000000e+00
   4.0000000e+00   1.3590000e+03   1.0000000e+00
   5.0000000e+00   1.2150000e+03   4.0000000e+00
   6.0000000e+00   7.9300000e+02   6.0000000e+00
   7.0000000e+00   4.6800000e+02   5.0000000e+00
   8.0000000e+00   3.0000000e+00   4.1600000e+02
   9.0000000e+00   0.0000000e+00   1.0860000e+03
   1.0000000e+01   0.0000000e+00   1.2980000e+03
   1.1000000e+01   0.0000000e+00   1.2540000e+03
   1.2000000e+01   0.0000000e+00   1.1170000e+03
   1.3000000e+01   1.0000000e+00   9.0800000e+02
   1.4000000e+01   0.0000000e+00   8.5200000e+02
   1.5000000e+01   0.0000000e+00   6.7700000e+02
   1.6000000e+01   1.0000000e+00   5.6900000e+02
   1.7000000e+01   0.0000000e+00   4.6900000e+02
   1.8000000e+01   1.0000000e+00   3.8300000e+02
   1.9000000e+01   2.0000000e+00   3.1300000e+02
   2.0000000e+01   1.0000000e+00   2.7400000e+02
   2.1000000e+01   7.0000000e+00   1.3500000e+02
   2.2000000e+01   1.0000000e+01   9.5000000e+01
   2.3000000e+01   2.0000000e+00   1.2100000e+02
   2.4000000e+01   1.0000000e+00   1.5900000e+02
   2.5000000e+01   2.0000000e+00   1.5000000e+02
   2.6000000e+01   3.0000000e+00   1.3300000e+02
   2.7000000e+01   1.0000000e+00   7.6000000e+01
   2.8000000e+01   1.2200000e+02   1.0000000e+01
   2.9000000e+01   9.1300000e+02   0.0000000e+00
   3.0000000e+01   1.2560000e+03   6.0000000e+00
   3.1000000e+01   1.1940000e+03   2.0000000e+00
   3.2000000e+01   8.0800000e+02   2.0000000e+00
   3.3000000e+01   2.6400000e+02   5.0000000e+00
   3.4000000e+01   0.0000000e+00   6.3900000e+02
   3.5000000e+01   1.0000000e+00   1.0800000e+03
   3.6000000e+01   0.0000000e+00   1.1680000e+03
   3.7000000e+01   0.0000000e+00   1.0860000e+03
   3.8000000e+01   1.0000000e+00   8.5200000e+02
   3.9000000e+01   1.0000000e+00   7.8500000e+02
   4.0000000e+01   0.0000000e+00   7.1000000e+02
   4.1000000e+01   0.0000000e+00   5.9400000e+02
   4.2000000e+01   1.0000000e+00   5.1300000e+02
   4.3000000e+01   1.0000000e+00   4.6700000e+02
   4.4000000e+01   4.0000000e+00   3.7100000e+02
   4.5000000e+01   5.0000000e+00   1.8800000e+02
   4.6000000e+01   2.0000000e+00   2.2900000e+02
   4.7000000e+01   4.0000000e+00   1.1800000e+02
   4.8000000e+01   5.0000000e+00   8.7000000e+01
   4.9000000e+01   3.0000000e+00   1.0800000e+02
   5.0000000e+01   4.0000000e+00   1.5400000e+02
   5.1000000e+01   5.0000000e+00   9.8000000e+01
   5.2000000e+01   3.0000000e+00   1.0100000e+02
   5.3000000e+01   3.0000000e+00   6.5000000e+01
   5.4000000e+01   2.0000000e+00   1.1500000e+02
   5.5000000e+01   7.0000000e+01   9.0000000e+00
   5.6000000e+01   7.2100000e+02   1.0000000e+00
   5.7000000e+01   1.4610000e+03   1.0000000e+00
   5.8000000e+01   1.2090000e+03   3.0000000e+00
   5.9000000e+01   6.2600000e+02   2.0000000e+00
   6.0000000e+01   2.9500000e+02   6.0000000e+00
   6.1000000e+01   0.0000000e+00   5.9300000e+02
   6.2000000e+01   0.0000000e+00   1.2550000e+03
   6.3000000e+01   0.0000000e+00   1.3770000e+03
   6.4000000e+01   1.0000000e+00   1.2850000e+03
   6.5000000e+01   1.0000000e+00   1.1310000e+03
   6.6000000e+01   0.0000000e+00   9.3200000e+02
   6.7000000e+01   1.0000000e+00   7.7900000e+02
   6.8000000e+01   1.0000000e+00   6.3300000e+02
   6.9000000e+01   0.0000000e+00   5.9700000e+02
   7.0000000e+01   3.0000000e+00   3.5300000e+02
   7.1000000e+01   3.0000000e+00   3.5100000e+02
   7.2000000e+01   0.0000000e+00   2.7700000e+02
   7.3000000e+01   2.0000000e+00   2.6400000e+02
   7.4000000e+01   4.0000000e+00   1.6600000e+02
   7.5000000e+01   5.0000000e+00   1.6900000e+02
   7.6000000e+01   0.0000000e+00   1.9100000e+02
   7.7000000e+01   4.0000000e+00   1.4000000e+02
   7.8000000e+01   4.0000000e+00   1.4700000e+02
   7.9000000e+01   5.3300000e+02   4.0000000e+00
   8.0000000e+01   9.4200000e+02   0.0000000e+00
   8.1000000e+01   1.1200000e+03   1.0000000e+00
   8.2000000e+01   9.8100000e+02   2.0000000e+00
   8.3000000e+01   5.4900000e+02   4.0000000e+00
   8.4000000e+01   0.0000000e+00   3.2500000e+02
   8.5000000e+01   0.0000000e+00   1.2110000e+03
   8.6000000e+01   1.0000000e+00   1.2780000e+03
   8.7000000e+01   1.0000000e+00   1.2170000e+03
   8.8000000e+01   0.0000000e+00   1.0230000e+03
   8.9000000e+01   0.0000000e+00   8.2600000e+02
   9.0000000e+01   2.0000000e+00   7.5700000e+02
   9.1000000e+01   1.0000000e+00   6.5200000e+02
   9.2000000e+01   1.0000000e+00   5.4800000e+02
   9.3000000e+01   0.0000000e+00   4.1700000e+02
   9.4000000e+01   1.0000000e+00   2.9100000e+02
   9.5000000e+01   1.0000000e+00   2.7600000e+02
   9.6000000e+01   1.0000000e+00   1.9300000e+02
   9.7000000e+01   2.0000000e+00   1.9700000e+02
   9.8000000e+01   3.0000000e+00   1.6300000e+02
   9.9000000e+01   6.0000000e+00   1.3600000e+02
   1.0000000e+02   2.0000000e+00   1.9000000e+02
   1.0100000e+02   0.0000000e+00   1.4500000e+02
   1.0200000e+02   5.0000000e+00   1.1000000e+02
   1.0300000e+02   1.1000000e+01   9.8000000e+01
   1.0400000e+02   9.0000000e+00   1.1900000e+02
   1.0500000e+02   1.5000000e+01   5.4000000e+01
   1.0600000e+02   5.0000000e+00   1.0300000e+02
   1.0700000e+02   2.0000000e+01   2.6000000e+01
   1.0800000e+02   5.7000000e+01   9.0000000e+00
   1.0900000e+02   7.3000000e+02   2.0000000e+00
   1.1000000e+02   1.1970000e+03   2.0000000e+00
   1.1100000e+02   1.0940000e+03   1.0000000e+00
   1.1200000e+02   8.3400000e+02   4.0000000e+00
   1.1300000e+02   4.4100000e+02   8.0000000e+00
   1.1400000e+02   1.0000000e+00   6.8600000e+02
   1.1500000e+02   0.0000000e+00   1.1960000e+03
   1.1600000e+02   0.0000000e+00   1.3520000e+03
   1.1700000e+02   3.0000000e+00   1.2230000e+03
   1.1800000e+02   0.0000000e+00   1.0110000e+03
   1.1900000e+02   0.0000000e+00   8.2800000e+02
   1.2000000e+02   0.0000000e+00   6.5900000e+02
   1.2100000e+02   2.0000000e+00   5.6700000e+02
   1.2200000e+02   1.0000000e+00   5.1400000e+02
   1.2300000e+02   5.0000000e+00   4.2500000e+02
   1.2400000e+02   4.0000000e+00   3.3000000e+02
   1.2500000e+02   1.0000000e+00   3.4600000e+02
   1.2600000e+02   5.0000000e+00   2.1100000e+02
   1.2700000e+02   1.0000000e+00   1.4100000e+02
   1.2800000e+02   1.0000000e+00   2.1400000e+02
   1.2900000e+02   7.0000000e+00   1.3700000e+02
   1.3000000e+02   1.3000000e+01   4.9000000e+01
   1.3100000e+02   2.5000000e+01   4.7000000e+01
   1.3200000e+02   5.0000000e+00   1.4200000e+02
   1.3300000e+02   2.0000000e+00   2.2900000e+02
   1.3400000e+02   1.0000000e+00   1.9200000e+02
   1.3500000e+02   5.0000000e+00   1.5400000e+02
   1.3600000e+02   3.0000000e+00   8.5000000e+01
   1.3700000e+02   2.0000000e+01   7.6000000e+01
   1.3800000e+02   5.5200000e+02   5.0000000e+00
   1.3900000e+02   8.8700000e+02   0.0000000e+00
   1.4000000e+02   9.6000000e+02   5.0000000e+00
   1.4100000e+02   7.2000000e+02   5.0000000e+00
   1.4200000e+02   2.0200000e+02   1.8000000e+01
   1.4300000e+02   0.0000000e+00   8.5400000e+02
   1.4400000e+02   0.0000000e+00   1.1140000e+03
   1.4500000e+02   1.0000000e+00   1.1640000e+03
   1.4600000e+02   0.0000000e+00   1.0300000e+03
   1.4700000e+02   0.0000000e+00   8.6400000e+02
   1.4800000e+02   0.0000000e+00   7.3800000e+02
   1.4900000e+02   3.0000000e+00   6.1800000e+02
   1.5000000e+02   1.0000000e+00   4.5200000e+02
   1.5100000e+02   2.0000000e+00   4.3800000e+02
   1.5200000e+02   0.0000000e+00   4.0100000e+02
   1.5300000e+02   0.0000000e+00   3.1800000e+02
   1.5400000e+02   3.0000000e+00   2.2600000e+02
   1.5500000e+02   0.0000000e+00   2.2900000e+02
   1.5600000e+02   1.0000000e+00   2.4200000e+02
   1.5700000e+02   3.0000000e+00   1.3600000e+02
   1.5800000e+02   6.0000000e+00   1.1100000e+02
   1.5900000e+02   0.0000000e+00   1.3100000e+02
   1.6000000e+02   9.0000000e+00   7.8000000e+01
   1.6100000e+02   8.0000000e+00   6.5000000e+01
   1.6200000e+02   6.4000000e+01   5.0000000e+00
   1.6300000e+02   8.2800000e+02   1.0000000e+00
   1.6400000e+02   1.2720000e+03   2.0000000e+00
   1.6500000e+02   1.3700000e+03   2.0000000e+00
   1.6600000e+02   1.1100000e+03   0.0000000e+00
   1.6700000e+02   5.4500000e+02   3.0000000e+00
   1.6800000e+02   1.7100000e+02   1.8000000e+01
   1.6900000e+02   2.0000000e+00   9.1800000e+02
   1.7000000e+02   2.0000000e+00   1.2900000e+03
   1.7100000e+02   1.0000000e+00   1.2020000e+03
   1.7200000e+02   1.0000000e+00   1.0280000e+03
   1.7300000e+02   1.0000000e+00   9.2800000e+02
   1.7400000e+02   0.0000000e+00   7.9900000e+02
   1.7500000e+02   0.0000000e+00   7.1500000e+02
   1.7600000e+02   1.0000000e+00   6.0900000e+02
   1.7700000e+02   0.0000000e+00   4.9800000e+02
   1.7800000e+02   2.0000000e+00   3.7000000e+02
   1.7900000e+02   4.0000000e+00   2.9000000e+02
   1.8000000e+02   1.1000000e+01   8.2000000e+01
   1.8100000e+02   1.6100000e+02   5.0000000e+00
   1.8200000e+02   4.3400000e+02   7.0000000e+00
   1.8300000e+02   7.3700000e+02   4.0000000e+00
   1.8400000e+02   9.3300000e+02   1.0000000e+00
   1.8500000e+02   8.2800000e+02   3.0000000e+00
   1.8600000e+02   4.9800000e+02   4.0000000e+00
   1.8700000e+02   1.3200000e+02   2.7000000e+01
   1.8800000e+02   0.0000000e+00   9.3500000e+02
   1.8900000e+02   0.0000000e+00   1.2940000e+03
   1.9000000e+02   2.0000000e+00   1.2810000e+03
   1.9100000e+02   0.0000000e+00   1.0990000e+03
   1.9200000e+02   0.0000000e+00   9.6900000e+02
   1.9300000e+02   0.0000000e+00   8.3900000e+02
   1.9400000e+02   0.0000000e+00   7.6000000e+02
   1.9500000e+02   2.0000000e+00   6.1000000e+02
   1.9600000e+02   2.0000000e+00   4.7000000e+02
   1.9700000e+02   0.0000000e+00   3.2900000e+02
   1.9800000e+02   2.0000000e+00   2.9000000e+02
   1.9900000e+02   5.0000000e+00   2.9100000e+02
   2.0000000e+02   2.0000000e+00   2.8500000e+02
